{"glyph_ids": ["data/synth/imgs/tt8363916_thumb.png", "data/synth/imgs/tt0373136_thumb.png", "data/synth/imgs/tt0424584_thumb.png", "data/synth/imgs/tt6546810_thumb.png", "data/synth/imgs/tt4368870_thumb.png", "data/synth/imgs/tt0086077_thumb.png", "data/synth/imgs/tt0383621_thumb.png", "data/synth/imgs/tt0229203_thumb.png", "data/synth/imgs/tt7583274_thumb.png", "data/synth/imgs/tt7100886_thumb.png", "data/synth/imgs/tt4405050_thumb.png", "data/synth/imgs/tt0292098_thumb.png", "data/synth/imgs/tt1733465_thumb.png", "data/synth/imgs/tt0063644_thumb.png", "data/synth/imgs/tt0033706_thumb.png", "data/synth/imgs/tt4681636_thumb.png", "data/synth/imgs/tt0186107_thumb.png", "data/synth/imgs/tt0177128_thumb.png", "data/synth/imgs/tt0048595_thumb.png", "data/synth/imgs/tt0042983_thumb.png", "data/synth/imgs/tt10359540_thumb.png", "data/synth/imgs/tt0127417_thumb.png", "data/synth/imgs/tt0232709_thumb.png", "data/synth/imgs/tt0877675_thumb.png", "data/synth/imgs/tt4096762_thumb.png"], "E": ["A Vanishing Fog", "Mothakerat morahkah", "Writer of O", "The Jump", "Salt Bridge", "Pankow '95", "The Second Degree", "The Fury of Evil", "Kill Ben Lyk", "Last Man", "Winding", "Madonna and Child", "The Dunwich Horror", "Stepen riska", "Hem från Babylon", "Free Spaces", "Dai lu bu ke xing", "The Last Word", "Secret Venture", "Over the Waves", "Garod", "American Tigers", "O stohos", "Matakot ka sa karma", "New Dubai"], "EA": [[0.0, 1.1376634788107416, 1.5093206829002168, 1.554889407535429, 2.291892704912708, 2.0914197578190623, 1.3076147127992852, 1.3689049903848791, 1.5383836198926324, 0.8220554813863559, 2.0269872626403855, 0.6811563701503299, 1.3494729214090024, 1.4025067483749627, 1.39087766760233, 1.090585891778437, 1.5222754299191097, 1.0177394111756166, 1.6060516260131124, 1.989199869057328, 5.186039785372439, 4.716522450279162, 4.817103268769411, 4.660037058012121, 4.731949817797194], [1.1376634788107416, 0.0, 1.2975241850419292, 1.445838718396829, 1.5944489979495793, 2.1046724081439168, 2.022154491373534, 1.8712097600361053, 2.314992274650801, 0.5004215253708313, 1.7696500263257, 0.8080064781507226, 1.8104414944582283, 1.9515260805028274, 0.9605669951585549, 0.3090250491044372, 1.9608767257603974, 1.5606651345361704, 1.0453706369206734, 1.6178193741229576, 5.030770852129696, 4.547674811036168, 4.694924666746478, 4.408685983720584, 4.57921789027544], [1.5093206829002168, 1.2975241850419292, 0.0, 1.6975611954888887, 1.3040435660247935, 1.6980000296261195, 1.683485820122857, 1.0508811185009677, 1.8877768405192017, 1.4216386349677121, 0.9103332736425462, 0.9424590668630239, 1.639468297554784, 1.7527546686191058, 1.3197047661739487, 1.0016497009567031, 1.3694023298927958, 1.1912589988794517, 1.3385244460605508, 2.1560646195988693, 4.003997129099386, 3.6247134663982585, 3.6348531721068604, 3.4075327135471207, 3.6161864878433074], [1.554889407535429, 1.445838718396829, 1.6975611954888887, 0.0, 1.5206334231788579, 0.9813259269677143, 1.3900481217434224, 1.6903008551455263, 1.7879314262349741, 1.167565637222485, 1.5609298229137576, 1.2694743173295244, 1.245944157864878, 1.231871397021197, 1.1037657380857198, 1.3280288741300421, 2.1487798744305895, 1.265880856887334, 0.8825738425009451, 0.6423656994316299, 5.537331361003398, 5.084226242621694, 5.0591727235317965, 4.895153994543579, 5.0852440031822255], [2.291892704912708, 1.5944489979495793, 1.3040435660247935, 1.5206334231788579, 0.0, 1.5847124305562215, 2.2746142583749727, 2.027734125407917, 2.525840076920362, 1.7392210046631724, 0.8783724349878108, 1.6385171648017154, 1.96028613835867, 2.0991520026882227, 1.5659048388270698, 1.4038819760770913, 2.185318983527349, 1.8648205898730774, 0.9237433289279317, 1.643735983135395, 4.451223773932009, 4.016293880991558, 4.005793748043677, 3.734617699627953, 4.023487781278113], [2.0914197578190623, 2.1046724081439168, 1.6980000296261195, 0.9813259269677143, 1.5847124305562215, 0.0, 1.3931854330450149, 1.4746326257092177, 1.757153384462695, 1.9278758260912308, 1.3520643942023438, 1.7360946277549036, 1.509008509185002, 1.4085472780776715, 1.5088366851478983, 1.8749735435603625, 2.2533519638711645, 1.4133097348680745, 1.4734082504514496, 1.4464498288873942, 5.214482937123019, 4.87132215221265, 4.711880173559109, 4.600000691500524, 4.838402634349166], [1.3076147127992852, 2.022154491373534, 1.683485820122857, 1.3900481217434224, 2.2746142583749727, 1.3931854330450149, 0.0, 0.9047668620405578, 0.47060725186396146, 1.6613678223541946, 1.7012577121547368, 1.2892397515863785, 0.7122489458914047, 0.5093744680639315, 1.8453567176499457, 1.8239479704966963, 1.389859879944253, 0.5675943176536129, 1.7561837210164641, 1.9992815641160495, 5.098311181445507, 4.672934964618067, 4.602409761805848, 4.583554880067991, 4.6551499175357645], [1.3689049903848791, 1.8712097600361053, 1.0508811185009677, 1.6903008551455263, 2.027734125407917, 1.4746326257092177, 0.9047668620405578, 0.0, 1.0835206979221121, 1.7166764177082363, 1.360494323136829, 1.1598828934134169, 1.2737870544992536, 1.234063650055175, 1.6434002361605533, 1.6017054148097982, 1.2254739172673776, 0.726817757913901, 1.8022017425508448, 2.3153236409087388, 4.418269382933632, 4.080610263803667, 3.993399747179117, 3.9196485267422534, 4.047896840499906], [1.5383836198926324, 2.314992274650801, 1.8877768405192017, 1.7879314262349741, 2.525840076920362, 1.757153384462695, 0.47060725186396146, 1.0835206979221121, 0.0, 1.9563957071529336, 1.8586632750060832, 1.5352575395945727, 0.7845000279781015, 0.6443891827310437, 2.2614308699888848, 2.1189016601951267, 1.2235325505095562, 0.7893068074913647, 2.035609042572251, 2.3718544196462403, 4.958118733719322, 4.51054229782201, 4.440591976061112, 4.47984039499183, 4.4939387822425925], [0.8220554813863559, 0.5004215253708313, 1.4216386349677121, 1.167565637222485, 1.7392210046631724, 1.9278758260912308, 1.6613678223541946, 1.7166764177082363, 1.9563957071529336, 0.0, 1.7808243674261062, 0.6222716750465282, 1.4364864319309627, 1.560046642760654, 1.0258895875035283, 0.5619220176232158, 1.797351957673464, 1.263323540226634, 0.9717169505320118, 1.4075175060839547, 5.234735186115461, 4.728574834158872, 4.850955844960803, 4.625480205487835, 4.7570263883289154], [2.0269872626403855, 1.7696500263257, 0.9103332736425462, 1.5609298229137576, 0.8783724349878108, 1.3520643942023438, 1.7012577121547368, 1.360494323136829, 1.8586632750060832, 1.7808243674261062, 0.0, 1.3936486116161708, 1.4715855804688547, 1.5946258631931676, 1.71588178413111, 1.4916722904775963, 1.5117926027222155, 1.311228238335837, 1.1663007187286363, 1.9644357818904439, 4.026746772743424, 3.6043127800719588, 3.52957307929429, 3.370979198546652, 3.591832228419952], [0.6811563701503299, 0.8080064781507226, 0.9424590668630239, 1.2694743173295244, 1.6385171648017154, 1.7360946277549036, 1.2892397515863785, 1.1598828934134169, 1.5352575395945727, 0.6222716750465282, 1.3936486116161708, 0.0, 1.140583565944899, 1.272201076283595, 1.1269046417492852, 0.616777212015275, 1.2566890483033029, 0.7853487027544296, 1.0522455407540514, 1.7155188116769138, 4.738092521634128, 4.259939405563815, 4.3426389849196365, 4.157506070188654, 4.2750994229825645], [1.3494729214090024, 1.8104414944582283, 1.639468297554784, 1.245944157864878, 1.96028613835867, 1.509008509185002, 0.7122489458914047, 1.2737870544992536, 0.7845000279781015, 1.4364864319309627, 1.4715855804688547, 1.140583565944899, 0.0, 0.2803865944771304, 1.8940248522619723, 1.6420482125683427, 1.179760723949457, 0.6028309742593909, 1.347854894146802, 1.7482590332135275, 4.98284512522948, 4.462791839037578, 4.453278767906658, 4.417578952587927, 4.46814710683039], [1.4025067483749627, 1.9515260805028274, 1.7527546686191058, 1.231871397021197, 2.0991520026882227, 1.4085472780776715, 0.5093744680639315, 1.234063650055175, 0.6443891827310437, 1.560046642760654, 1.5946258631931676, 1.272201076283595, 0.2803865944771304, 0.0, 1.9145132653605095, 1.777774499513329, 1.3497933022043207, 0.6349854115851714, 1.503580994935583, 1.7691693771392762, 5.132560959633492, 4.642003480808251, 4.601264323721284, 4.579980909404674, 4.63865018670693], [1.39087766760233, 0.9605669951585549, 1.3197047661739487, 1.1037657380857198, 1.5659048388270698, 1.5088366851478983, 1.8453567176499457, 1.6434002361605533, 2.2614308699888848, 1.0258895875035283, 1.71588178413111, 1.1269046417492852, 1.8940248522619723, 1.9145132653605095, 0.0, 0.8450102930415002, 2.293254525079299, 1.549402463598995, 1.2220507126147848, 1.3799619337869042, 5.277018886470587, 4.9093438493277635, 4.927300362193478, 4.659206921836347, 4.906822902193215], [1.090585891778437, 0.3090250491044372, 1.0016497009567031, 1.3280288741300421, 1.4038819760770913, 1.8749735435603625, 1.8239479704966963, 1.6017054148097982, 2.1189016601951267, 0.5619220176232158, 1.4916722904775963, 0.616777212015275, 1.6420482125683427, 1.777774499513329, 0.8450102930415002, 0.0, 1.7632651992367947, 1.34135079911224, 0.9245065314509856, 1.5975842941524254, 4.822382372203357, 4.3594928836144184, 4.4713523267744995, 4.200963284446545, 4.381727004679291], [1.5222754299191097, 1.9608767257603974, 1.3694023298927958, 2.1487798744305895, 2.185318983527349, 2.2533519638711645, 1.389859879944253, 1.2254739172673776, 1.2235325505095562, 1.797351957673464, 1.5117926027222155, 1.2566890483033029, 1.179760723949457, 1.3497933022043207, 2.293254525079299, 1.7632651992367947, 0.0, 1.0154358006866124, 1.862492381543334, 2.6557440751031267, 4.001657209072499, 3.470275803080652, 3.531698251299093, 3.507276010489291, 3.481598749819314], [1.0177394111756166, 1.5606651345361704, 1.1912589988794517, 1.265880856887334, 1.8648205898730774, 1.4133097348680745, 0.5675943176536129, 0.726817757913901, 0.7893068074913647, 1.263323540226634, 1.311228238335837, 0.7853487027544296, 0.6028309742593909, 0.6349854115851714, 1.549402463598995, 1.34135079911224, 1.0154358006866124, 0.0, 1.3571451457788237, 1.859207530318103, 4.7355365298083765, 4.280938953914785, 4.264573514950193, 4.189703713917991, 4.275185936710671], [1.6060516260131124, 1.0453706369206734, 1.3385244460605508, 0.8825738425009451, 0.9237433289279317, 1.4734082504514496, 1.7561837210164641, 1.8022017425508448, 2.035609042572251, 0.9717169505320118, 1.1663007187286363, 1.0522455407540514, 1.347854894146802, 1.503580994935583, 1.2220507126147848, 0.9245065314509856, 1.862492381543334, 1.3571451457788237, 0.0, 1.0311845296666422, 4.965792390161185, 4.453420898552565, 4.506442810259021, 4.288751645807433, 4.475674464404996], [1.989199869057328, 1.6178193741229576, 2.1560646195988693, 0.6423656994316299, 1.643735983135395, 1.4464498288873942, 1.9992815641160495, 2.3153236409087388, 2.3718544196462403, 1.4075175060839547, 1.9644357818904439, 1.7155188116769138, 1.7482590332135275, 1.7691693771392762, 1.3799619337869042, 1.5975842941524254, 2.6557440751031267, 1.859207530318103, 1.0311845296666422, 0.0, 5.934870990766012, 5.452483305693556, 5.458477244137973, 5.2563883187541185, 5.465748931906254], [5.186039785372439, 5.030770852129696, 4.003997129099386, 5.537331361003398, 4.451223773932009, 5.214482937123019, 5.098311181445507, 4.418269382933632, 4.958118733719322, 5.234735186115461, 4.026746772743424, 4.738092521634128, 4.98284512522948, 5.132560959633492, 5.277018886470587, 4.822382372203357, 4.001657209072499, 4.7355365298083765, 4.965792390161185, 5.934870990766012, 0.0, 0.8610474047988448, 0.7460281089934523, 0.7690067679476063, 0.7252136923686843], [4.716522450279162, 4.547674811036168, 3.6247134663982585, 5.084226242621694, 4.016293880991558, 4.87132215221265, 4.672934964618067, 4.080610263803667, 4.51054229782201, 4.728574834158872, 3.6043127800719588, 4.259939405563815, 4.462791839037578, 4.642003480808251, 4.9093438493277635, 4.3594928836144184, 3.470275803080652, 4.280938953914785, 4.453420898552565, 5.452483305693556, 0.8610474047988448, 0.0, 0.7160719590480256, 0.7254517788050768, 0.18585171941741652], [4.817103268769411, 4.694924666746478, 3.6348531721068604, 5.0591727235317965, 4.005793748043677, 4.711880173559109, 4.602409761805848, 3.993399747179117, 4.440591976061112, 4.850955844960803, 3.52957307929429, 4.3426389849196365, 4.453278767906658, 4.601264323721284, 4.927300362193478, 4.4713523267744995, 3.531698251299093, 4.264573514950193, 4.506442810259021, 5.458477244137973, 0.7460281089934523, 0.7160719590480256, 0.0, 0.6616184664627026, 0.550711121564465], [4.660037058012121, 4.408685983720584, 3.4075327135471207, 4.895153994543579, 3.734617699627953, 4.600000691500524, 4.583554880067991, 3.9196485267422534, 4.47984039499183, 4.625480205487835, 3.370979198546652, 4.157506070188654, 4.417578952587927, 4.579980909404674, 4.659206921836347, 4.200963284446545, 3.507276010489291, 4.189703713917991, 4.288751645807433, 5.2563883187541185, 0.7690067679476063, 0.7254517788050768, 0.6616184664627026, 0.0, 0.630972262720527], [4.731949817797194, 4.57921789027544, 3.6161864878433074, 5.0852440031822255, 4.023487781278113, 4.838402634349166, 4.6551499175357645, 4.047896840499906, 4.4939387822425925, 4.7570263883289154, 3.591832228419952, 4.2750994229825645, 4.46814710683039, 4.63865018670693, 4.906822902193215, 4.381727004679291, 3.481598749819314, 4.275185936710671, 4.475674464404996, 5.465748931906254, 0.7252136923686843, 0.18585171941741652, 0.550711121564465, 0.630972262720527, 0.0]], "SR": [["Drama"], ["Romance"], ["Drama"], ["Drama"], ["Comedy", "Action", "Crime"], ["Drama"], ["Drama"], ["Comedy"], ["Documentary", "Action"], ["Drama", "Romance"], ["Drama"], ["Drama", "Romance", "Action", "Crime"], ["Comedy", "Crime"], ["Drama", "Comedy", "Action"], ["Comedy", "Action"], ["Drama", "Comedy"], ["Drama"], ["Crime"], ["Drama"], ["Drama"], ["Drama", "Crime"], ["Comedy", "Documentary", "Action"], ["Drama"], ["Drama"], ["Drama", "Romance"]], "S": ["Romance", "Documentary", "Comedy", "Action", "Crime", "Drama"], "SA": [[0.0, 1.0, 0.0, 0.0, 1.0, 0.0, 0.0, 1.0, 1.0, 0.5, 0.0, 0.75, 1.0, 0.6666666666666666, 1.0, 0.5, 0.0, 1.0, 0.0, 0.0, 0.5, 1.0, 0.0, 0.0, 0.5], [1.0, 0.0, 1.0, 1.0, 1.0, 1.0, 1.0, 1.0, 1.0, 0.5, 1.0, 0.75, 1.0, 1.0, 1.0, 1.0, 1.0, 1.0, 1.0, 1.0, 1.0, 1.0, 1.0, 1.0, 0.5], [0.0, 1.0, 0.0, 0.0, 1.0, 0.0, 0.0, 1.0, 1.0, 0.5, 0.0, 0.75, 1.0, 0.6666666666666666, 1.0, 0.5, 0.0, 1.0, 0.0, 0.0, 0.5, 1.0, 0.0, 0.0, 0.5], [0.0, 1.0, 0.0, 0.0, 1.0, 0.0, 0.0, 1.0, 1.0, 0.5, 0.0, 0.75, 1.0, 0.6666666666666666, 1.0, 0.5, 0.0, 1.0, 0.0, 0.0, 0.5, 1.0, 0.0, 0.0, 0.5], [1.0, 1.0, 1.0, 1.0, 0.0, 1.0, 1.0, 0.6666666666666666, 0.75, 1.0, 1.0, 0.6, 0.3333333333333333, 0.5, 0.3333333333333333, 0.75, 1.0, 0.6666666666666666, 1.0, 1.0, 0.75, 0.5, 1.0, 1.0, 1.0], [0.0, 1.0, 0.0, 0.0, 1.0, 0.0, 0.0, 1.0, 1.0, 0.5, 0.0, 0.75, 1.0, 0.6666666666666666, 1.0, 0.5, 0.0, 1.0, 0.0, 0.0, 0.5, 1.0, 0.0, 0.0, 0.5], [0.0, 1.0, 0.0, 0.0, 1.0, 0.0, 0.0, 1.0, 1.0, 0.5, 0.0, 0.75, 1.0, 0.6666666666666666, 1.0, 0.5, 0.0, 1.0, 0.0, 0.0, 0.5, 1.0, 0.0, 0.0, 0.5], [1.0, 1.0, 1.0, 1.0, 0.6666666666666666, 1.0, 1.0, 0.0, 1.0, 1.0, 1.0, 1.0, 0.5, 0.6666666666666666, 0.5, 0.5, 1.0, 1.0, 1.0, 1.0, 1.0, 0.6666666666666666, 1.0, 1.0, 1.0], [1.0, 1.0, 1.0, 1.0, 0.75, 1.0, 1.0, 1.0, 0.0, 1.0, 1.0, 0.8, 1.0, 0.75, 0.6666666666666666, 1.0, 1.0, 1.0, 1.0, 1.0, 1.0, 0.3333333333333333, 1.0, 1.0, 1.0], [0.5, 0.5, 0.5, 0.5, 1.0, 0.5, 0.5, 1.0, 1.0, 0.0, 0.5, 0.5, 1.0, 0.75, 1.0, 0.6666666666666666, 0.5, 1.0, 0.5, 0.5, 0.6666666666666666, 1.0, 0.5, 0.5, 0.0], [0.0, 1.0, 0.0, 0.0, 1.0, 0.0, 0.0, 1.0, 1.0, 0.5, 0.0, 0.75, 1.0, 0.6666666666666666, 1.0, 0.5, 0.0, 1.0, 0.0, 0.0, 0.5, 1.0, 0.0, 0.0, 0.5], [0.75, 0.75, 0.75, 0.75, 0.6, 0.75, 0.75, 1.0, 0.8, 0.5, 0.75, 0.0, 0.8, 0.6, 0.8, 0.8, 0.75, 0.75, 0.75, 0.75, 0.5, 0.8333333333333334, 0.75, 0.75, 0.5], [1.0, 1.0, 1.0, 1.0, 0.3333333333333333, 1.0, 1.0, 0.5, 1.0, 1.0, 1.0, 0.8, 0.0, 0.75, 0.6666666666666666, 0.6666666666666666, 1.0, 0.5, 1.0, 1.0, 0.6666666666666666, 0.75, 1.0, 1.0, 1.0], [0.6666666666666666, 1.0, 0.6666666666666666, 0.6666666666666666, 0.5, 0.6666666666666666, 0.6666666666666666, 0.6666666666666666, 0.75, 0.75, 0.6666666666666666, 0.6, 0.75, 0.0, 0.3333333333333333, 0.3333333333333333, 0.6666666666666666, 1.0, 0.6666666666666666, 0.6666666666666666, 0.75, 0.5, 0.6666666666666666, 0.6666666666666666, 0.75], [1.0, 1.0, 1.0, 1.0, 0.3333333333333333, 1.0, 1.0, 0.5, 0.6666666666666666, 1.0, 1.0, 0.8, 0.6666666666666666, 0.3333333333333333, 0.0, 0.6666666666666666, 1.0, 1.0, 1.0, 1.0, 1.0, 0.3333333333333333, 1.0, 1.0, 1.0], [0.5, 1.0, 0.5, 0.5, 0.75, 0.5, 0.5, 0.5, 1.0, 0.6666666666666666, 0.5, 0.8, 0.6666666666666666, 0.3333333333333333, 0.6666666666666666, 0.0, 0.5, 1.0, 0.5, 0.5, 0.6666666666666666, 0.75, 0.5, 0.5, 0.6666666666666666], [0.0, 1.0, 0.0, 0.0, 1.0, 0.0, 0.0, 1.0, 1.0, 0.5, 0.0, 0.75, 1.0, 0.6666666666666666, 1.0, 0.5, 0.0, 1.0, 0.0, 0.0, 0.5, 1.0, 0.0, 0.0, 0.5], [1.0, 1.0, 1.0, 1.0, 0.6666666666666666, 1.0, 1.0, 1.0, 1.0, 1.0, 1.0, 0.75, 0.5, 1.0, 1.0, 1.0, 1.0, 0.0, 1.0, 1.0, 0.5, 1.0, 1.0, 1.0, 1.0], [0.0, 1.0, 0.0, 0.0, 1.0, 0.0, 0.0, 1.0, 1.0, 0.5, 0.0, 0.75, 1.0, 0.6666666666666666, 1.0, 0.5, 0.0, 1.0, 0.0, 0.0, 0.5, 1.0, 0.0, 0.0, 0.5], [0.0, 1.0, 0.0, 0.0, 1.0, 0.0, 0.0, 1.0, 1.0, 0.5, 0.0, 0.75, 1.0, 0.6666666666666666, 1.0, 0.5, 0.0, 1.0, 0.0, 0.0, 0.5, 1.0, 0.0, 0.0, 0.5], [0.5, 1.0, 0.5, 0.5, 0.75, 0.5, 0.5, 1.0, 1.0, 0.6666666666666666, 0.5, 0.5, 0.6666666666666666, 0.75, 1.0, 0.6666666666666666, 0.5, 0.5, 0.5, 0.5, 0.0, 1.0, 0.5, 0.5, 0.6666666666666666], [1.0, 1.0, 1.0, 1.0, 0.5, 1.0, 1.0, 0.6666666666666666, 0.3333333333333333, 1.0, 1.0, 0.8333333333333334, 0.75, 0.5, 0.3333333333333333, 0.75, 1.0, 1.0, 1.0, 1.0, 1.0, 0.0, 1.0, 1.0, 1.0], [0.0, 1.0, 0.0, 0.0, 1.0, 0.0, 0.0, 1.0, 1.0, 0.5, 0.0, 0.75, 1.0, 0.6666666666666666, 1.0, 0.5, 0.0, 1.0, 0.0, 0.0, 0.5, 1.0, 0.0, 0.0, 0.5], [0.0, 1.0, 0.0, 0.0, 1.0, 0.0, 0.0, 1.0, 1.0, 0.5, 0.0, 0.75, 1.0, 0.6666666666666666, 1.0, 0.5, 0.0, 1.0, 0.0, 0.0, 0.5, 1.0, 0.0, 0.0, 0.5], [0.5, 0.5, 0.5, 0.5, 1.0, 0.5, 0.5, 1.0, 1.0, 0.0, 0.5, 0.5, 1.0, 0.75, 1.0, 0.6666666666666666, 0.5, 1.0, 0.5, 0.5, 0.6666666666666666, 1.0, 0.5, 0.5, 0.0]]}