{"E": ["Alaudagasse", "Braunschweiggasse", "Burggasse-Stadthalle", "Donauinsel", "Stubentor", "Alser Straße", "Alte Donau", "Altes Landgut", "Am Schöpfwerk", "Neubaugasse", "Siebenhirten", "Handelskai", "Mitte-Landstraße", "Simmering", "Gasometer", "Donaumarina", "Erlaaer Straße", "Erdberg", "Donaustadtbrücke", "Leopoldau", "Donauspital", "Stadlau", "Stadtpark", "Aspernstraße", "Längenfeldgasse", "Margaretengürtel", "Kendlerstraße", "Stephansplatz", "Floridsdorf", "Meidling Hauptstraße", "Hauptbahnhof", "Aderklaaer Straße", "Großfeldsiedlung", "Rennbahnweg", "Friedensbrücke", "Michelbeuern-AKH", "Taubstummengasse", "Thaliastraße", "Tscherttegasse", "Unter St. Veit", "Taborstraße", "Messe-Prater", "Krieau", "Stadion", "Zippererstraße", "Aspern Nord", "Nestroyplatz", "Volkstheater", "Vorgartenstraße", "Enkplatz", "Gumpendorfer Straße", "Niederhofstraße", "Seestadt", "Oberlaa", "Nußdorfer Straße", "Ober St. Veit", "Hardeggasse", "Ottakring", "Westbahnhof", "Neulaa", "Hausfeldstraße", "Heiligenstadt", "Dresdner Straße", "Herrengasse", "Perfektastraße", "Meidling", "Pilgramgasse", "Alterlaa", "Währinger Straße-Volksoper", "Hietzing", "Hütteldorfer Straße", "Praterstern", "Zieglergasse", "Hütteldorf", "Spittelau", "Troststraße", "Johnstraße", "Reumannplatz", "Rochusgasse", "Josefstädter Straße", "Kagran", "Kagraner Platz", "Kaisermühlen-VIC", "Roßauer Lände", "Kardinal-Nagl-Platz", "Karlsplatz", "Keplerplatz", "Kettenbrückengasse", "Jägerstraße", "Neue Donau", "Schottenring", "Schottentor", "Schwedenplatz", "Schlachthausgasse", "Schweglerstraße", "Schönbrunn"], "EA": [[0.0, 7.560667255082523, 6.333370376274781, 8.617593849942287, 5.915051305611699, 7.64235539282074, 9.850270996359283, 0.8681066482231913, 4.3583370769824725, 5.481677731168468, 6.013041962142535, 9.777177977541312, 5.801699885672035, 3.3293442301164413, 4.391331802363922, 6.836653729393261, 5.061487829739107, 4.798815615774597, 7.734316849384544, 14.650706705075965, 9.581058848624624, 8.753989372039651, 5.411742487177793, 10.250242472690067, 4.917892195363296, 4.832403408150301, 7.837115524639313, 6.083441874877572, 11.519615638460436, 5.161169445060301, 3.50763215477652, 13.2332628397883, 13.865113517030043, 12.534125571978038, 8.234938235443238, 7.984893435693775, 4.535226306598538, 6.89569692800767, 4.223866787013453, 8.201060468899087, 7.237854946269219, 7.313490254876327, 7.139029963378397, 6.938594798356714, 3.559470505727838, 12.729061741318095, 6.77663530054145, 5.977965473366506, 7.939618983050358, 3.340050680826126, 5.272261194119359, 4.848475895972854, 12.346579036643806, 1.8077513240932228, 8.89948929911875, 8.984539847261408, 9.316778112584803, 8.320160141598855, 5.795365913173834, 0.9568130018478662, 11.776182732423024, 10.65715191646586, 9.241610674183963, 6.301557248505797, 5.455404533663064, 4.371050325369256, 4.776649922115534, 4.858911610837889, 8.305442951435367, 6.932824700424552, 7.233633800378737, 7.223967841618592, 5.518455273200536, 10.209384578355744, 9.258814245839112, 1.6916334534852577, 6.73104154080006, 2.2740118183199396, 5.448848383335955, 7.149276622557399, 10.660106237843099, 11.634285707621924, 9.06296716049462, 7.66821010762076, 5.015723034961237, 5.3265387006676645, 2.729485900321846, 5.077111048954086, 9.095045649810615, 10.363938928658866, 7.057679350050115, 6.840874310595443, 6.442022609494711, 4.836934866021328, 6.3186507011878605, 5.864314270873771], [7.560667255082523, 0.0, 3.413465949122727, 9.622041080648597, 6.583481310064124, 4.620948767496919, 10.958376900587472, 7.219745154540935, 3.813723911954369, 4.174180398984656, 6.710845601050683, 8.835731717590248, 6.8579493205834305, 9.481590087869503, 9.077571233621201, 10.21271493584046, 5.5229887763879875, 8.790265164062815, 11.005431396890414, 15.06737492120208, 13.073083630776683, 11.799774112367365, 6.367170157814868, 13.783662244587568, 2.9978401265086894, 3.490025187888186, 1.971010607052011, 6.014647803908139, 10.7858949099087, 2.5650562480453654, 6.020570864188155, 14.20235087186536, 14.46374492757113, 13.677940252868368, 6.625013969160725, 5.017497717699365, 5.56767480494394, 3.826887369929373, 3.6270683815711746, 0.6669049138107132, 7.1261786902552355, 8.755082466258708, 9.22368704385333, 9.520780047127946, 8.646918090323288, 16.2531175326673, 7.185193510933516, 4.94955469104301, 8.775698181555393, 9.044287098804359, 3.124191738856377, 2.8100908401678937, 16.30993410630657, 9.328666300886137, 6.317746718772485, 1.4958194354672574, 12.52668984007686, 2.779231961220264, 3.227589952218824, 8.320453570966336, 15.017171964012649, 8.43051026160253, 8.166218836855961, 5.671314562250825, 6.007012156454977, 3.1897050142978403, 4.38887309555027, 4.579337908420268, 5.636343088280995, 0.6511849666450866, 1.6401184669488356, 7.871387609351747, 3.7919300600352948, 2.6960276541424464, 6.93045039609825, 6.689654501813026, 2.0103953614072996, 6.366628776432975, 7.2521684551198025, 4.052079951515445, 11.863536818653154, 12.872615770501083, 10.090763888616905, 6.456594249792644, 7.837405430649371, 5.594558355687948, 6.142486073486512, 4.779744673299337, 7.479966674332017, 9.75306606117604, 6.384162222298596, 5.648727871098879, 6.592245785985841, 8.31706940537504, 2.614353857659955, 1.8248763467470586], [6.333370376274781, 3.413465949122727, 0.0, 6.213749468285861, 3.228069170085205, 1.6870167738947899, 7.562507568044254, 5.666289768166884, 4.6623558263545455, 1.0541252730337343, 8.307567247699359, 5.647410508158632, 3.5284536349312523, 7.096342904512167, 6.248142565436757, 6.95394873798533, 6.895787075496252, 5.809000609827934, 7.692347670467031, 11.823926588083747, 9.72668680441256, 8.43737289199401, 3.097851872429035, 10.428272877252297, 1.9158297159396687, 1.6042665884575307, 2.1088905433458085, 2.62522374693378, 7.647953181382393, 2.1625024119033265, 3.467058599255464, 10.868674349131691, 11.181769709526444, 10.318697310291697, 3.4258666245741667, 2.135394416189174, 2.6167108755534443, 0.7019641953764763, 4.19684078315388, 3.952101446624795, 3.7202456931312566, 5.352455685044984, 5.851494920779959, 6.1880091204117615, 6.030481074404336, 12.868399717822967, 3.774160213123806, 1.563514749301727, 5.363826434754303, 6.564972453370868, 1.2865158703371844, 2.4044072883573997, 12.962218427116, 8.103765941428872, 3.4444142594850433, 4.698501867795646, 9.163782324283645, 2.1862706167487347, 0.6276828849806538, 7.268941944954991, 11.624543154422556, 5.61490111110601, 4.965365287489036, 2.2610411005906834, 7.494855621573124, 3.1334973717632337, 1.6658997649762826, 5.911785115147431, 2.7053912065323447, 2.957359408426286, 1.8933503374662428, 4.458093980874907, 0.8412955927498047, 5.676859813360722, 4.019488124777908, 4.882086591599012, 1.406851164323752, 4.356295646439452, 4.0032667966372335, 1.0197915471988699, 8.474305870112124, 9.49440343885396, 6.687160574273479, 3.142273347408114, 4.718222517366318, 2.349565906637899, 3.959356843416442, 1.7188069124324428, 4.369298882112085, 6.541632273534982, 2.9875920586847053, 2.2574672306802874, 3.186004220101596, 5.279222983974852, 0.8223873524259008, 2.2518400486374426], [8.617593849942287, 9.622041080648597, 6.213749468285861, 0.0, 3.3349197209062718, 5.277586899308567, 1.3982841653785263, 7.760953035048577, 9.887875889285404, 5.651630397142851, 13.335599423102662, 2.379877308756081, 3.21534533018996, 6.576868493720209, 4.859647108953867, 2.943414554550605, 11.95562739100303, 4.172983297483523, 2.885297705883413, 6.1350170001648845, 4.2082958218619435, 2.974359769559051, 3.7750262214843815, 4.780571757366511, 7.430528806416054, 6.799993988909093, 8.018112334697342, 3.7256634566317164, 3.1902579431008977, 7.8977035084666865, 5.503976829973737, 4.882726834935175, 5.3827047753036, 4.249276321926506, 3.421962367448473, 5.04564501405207, 4.934335431097831, 5.835453586064244, 9.403963066551576, 10.128611194569851, 2.4960545481541456, 1.306429552616846, 1.6299118428572286, 2.096192333969902, 5.504281468535784, 6.924769165498055, 2.508487238338746, 4.739552455970157, 0.8667530737661886, 6.086235436494241, 6.9070940807647245, 7.960923718522747, 7.227695936693485, 9.667146208602809, 4.3119547402508145, 10.821950566286624, 3.583039766077837, 7.595562827651076, 6.515837607576845, 9.433826569334824, 5.6563007112454455, 4.025020346288518, 2.493412096460636, 3.98590224588357, 12.547121460807121, 8.43856941763943, 5.8213427353634515, 11.135263974771846, 4.58565242535479, 9.165034789805588, 8.037014957705502, 1.8077601385987623, 6.026751375509468, 11.650706703529773, 3.96580722738984, 7.043500233330538, 7.6116761589355075, 6.5647417640977475, 3.284377226567384, 5.669910546120975, 2.3211740742577316, 3.367760851901671, 0.4998732000664987, 3.3098539530788793, 3.605199013757634, 4.4071156850801145, 6.205384298390885, 5.257575123377329, 3.1518730648037, 2.2872255217334305, 3.24321973723347, 3.97855884582429, 3.112370092452743, 3.8967767592652223, 7.029069507390784, 8.303267668659757], [5.915051305611699, 6.583481310064124, 3.228069170085205, 3.3349197209062718, 0.0, 3.0494688085090083, 4.732843952789963, 5.054281084405272, 6.558288571176218, 2.4332462508755826, 10.051891142502086, 3.879080361311357, 0.33921252129904433, 5.051701391408158, 3.668279026165546, 3.7580274729644487, 8.656463118766824, 3.038812203232338, 4.466311322098058, 9.395354697530127, 6.501427868439842, 5.218578829777071, 0.5139539260115304, 7.206529035970293, 4.128165479542836, 3.4926212924990594, 5.282261786523052, 0.6512544352159455, 5.724689434996292, 4.609932523485252, 2.4497551811605573, 8.210193031961607, 8.669784957768824, 7.583943192334746, 2.4956503496670885, 3.1054292242199093, 1.6432753098382005, 3.105222001487819, 6.072473269772793, 7.158110584358733, 1.3245521982187551, 2.2292593661567883, 2.6404851897470216, 2.96007716405269, 3.8245332392000737, 9.67059572304513, 0.9203201032934987, 1.6667878801033167, 2.4794365319820884, 4.470827496790952, 3.6502264280363264, 4.647561399393421, 9.738289613233217, 7.332074926853051, 3.389313803726777, 7.921435605679015, 5.945579168947823, 5.113453649528298, 3.3645109555398065, 6.834312085543129, 8.439482814177858, 4.795078156746097, 3.3266435315724157, 1.1023851004291356, 9.25384232716346, 5.10438115618422, 2.497032373274417, 7.813412470865157, 3.058439784933581, 6.0554407170115745, 5.121133277736367, 1.5548663644090235, 2.8204147755784343, 8.899949116963793, 3.5648001542507144, 4.228065564787609, 4.613652294831863, 3.6630953923043807, 0.9621911785543685, 3.084319371366344, 5.654096043357548, 6.701374917349018, 3.834727799220659, 1.9247612827222245, 1.8508754142243897, 1.0801607509722386, 3.2294490524001094, 1.9459200619016501, 3.2326048432197134, 4.54383949675216, 1.2882348814436562, 1.5379131529532408, 0.5496240029949608, 2.481313465050135, 3.9778872495674693, 5.084009736118466], [7.64235539282074, 4.620948767496919, 1.6870167738947899, 5.277586899308567, 3.0494688085090083, 0.0, 6.5161788377591545, 6.891347413583641, 6.349362933053926, 2.1825774242500438, 9.9933614063407, 4.2152000950185915, 3.388502464862464, 7.792993553739672, 6.624678817726657, 6.705384426923585, 8.582582948072348, 6.04863119326724, 7.295309684342126, 10.447535496975343, 9.19049647709698, 7.8806869893347065, 3.195044542981642, 9.853522080881868, 3.595043412036292, 3.2084793958491216, 2.80352217590241, 2.413604441995557, 6.171128315846166, 3.846199681022126, 4.37387895760435, 9.621714111290402, 9.852617686607578, 9.12792059917652, 2.02035011669201, 0.4508136249030932, 3.3293050859002755, 0.9897574828075087, 5.882873619452025, 5.021081330769393, 2.884381688625959, 4.720035008443775, 5.352083156482736, 5.80144478630254, 6.615991268115239, 12.16348165119376, 3.1707571517793, 1.7837911770066188, 4.50378714885364, 7.223568861583085, 2.9555786515106646, 4.0912696896511465, 12.375898632603839, 9.343113024400658, 1.7868563565090674, 5.635737269166855, 8.588917813365486, 2.317996665616982, 2.300689178959326, 8.596886517888748, 10.897975166265212, 3.965555014812032, 3.5484988086882634, 1.9615714899860437, 9.181184505157503, 4.816895753643201, 2.8786994442818035, 7.59712648731324, 1.0543694610432626, 4.317125242813985, 2.9811749602185413, 3.7322171356201275, 2.2572376740046782, 6.386902036357539, 2.3847664940159525, 6.055570873220617, 2.726134352545987, 5.481431591963756, 4.000295827742165, 0.6739739305557377, 7.387624073932849, 8.360236965074458, 5.700970845794585, 1.9694741174276529, 4.86492858546843, 2.6884817123678477, 5.036914771747979, 2.5872983138688497, 2.861407643344717, 5.133421026737702, 2.1585712891940494, 1.5432049004374897, 2.7265064683125573, 5.489033162961764, 2.366229576305556, 3.854127626046545], [9.850270996359283, 10.958376900587472, 7.562507568044254, 1.3982841653785263, 4.732843952789963, 6.5161788377591545, 0.0, 9.006339807048217, 11.282889632185551, 7.0382138481082235, 14.713618090696698, 2.919995158654031, 4.6061399463787, 7.54526195484967, 5.8492834639115605, 3.574806981709965, 13.339548423600007, 5.218375918964415, 3.1387917104416396, 4.811775823402582, 3.708604298505089, 2.747323938666467, 5.168019215626032, 4.121102708672497, 8.825328942477208, 8.195833534657563, 9.297116279301987, 5.116519246541116, 2.7436248863344876, 9.289907899465312, 6.854385160377031, 3.4970878969400934, 4.039407885356159, 2.8529614173562763, 4.560862076457339, 6.2395778230167975, 6.324775353134627, 7.147047281244088, 10.79979561353267, 11.446368511760575, 3.8456322978272017, 2.6292969754179554, 2.7144832471731646, 3.006853104463612, 6.5724543827131, 5.926328880271607, 3.901031322579772, 6.11645777741985, 2.261684118771712, 7.104619184949856, 8.295625316823358, 9.357083687888656, 6.370997237145061, 10.782291692853262, 5.332904652284357, 12.118647638877514, 3.1275137857615976, 8.822719809929595, 7.8891072312808275, 10.628338917094057, 4.677841131241206, 4.502328223102341, 3.3129669648334765, 5.359722472029333, 13.928781886840973, 9.836784372683175, 7.2192700373337, 12.527193793355387, 5.7244193537657875, 10.51925178004331, 9.3554707546397, 3.2027044224811845, 7.410336671142752, 12.90280682686525, 4.885009595511074, 8.325284212364236, 8.950471394455349, 7.8721795231083584, 4.633107268390848, 6.960226586454112, 0.9241710144819647, 1.9696618585975356, 0.8991753340967393, 4.555150537435181, 4.846353881523401, 5.805372925987139, 7.532667849921734, 6.654759399018672, 4.067016728206135, 2.3564794817599677, 4.576257637814263, 5.310542565883965, 4.502616076177188, 5.0397809247810486, 8.382167825817957, 9.68257389533355], [0.8681066482231913, 7.219745154540935, 5.666289768166884, 7.760953035048577, 5.054281084405272, 6.891347413583641, 9.006339807048217, 0.0, 4.36310803128787, 4.760061197352382, 6.511698627355824, 8.91157806791027, 4.935790033229134, 2.8726706215532047, 3.6776155732700953, 6.071398414563972, 5.429832081338146, 4.020384051857992, 6.981409396919372, 13.812055415139051, 8.88295306454353, 8.002127259436126, 4.553540188539608, 9.566373580320064, 4.4166328740526914, 4.239899138229733, 7.300131351704811, 5.240825633573084, 10.651720701989872, 4.723848953528193, 2.667136184900383, 12.407577002648058, 13.029066977057923, 11.711278133672865, 7.397446599561334, 7.216757804694984, 3.7125087432876884, 6.190921781116859, 4.135637927964608, 7.87601509765229, 6.375686496525996, 6.455644252632776, 6.299610987822985, 6.119669475124039, 2.8550165018598794, 12.073847747720354, 5.910904364880385, 5.189889038162352, 7.075372382984494, 2.7527023138783, 4.691752313674829, 4.433778605744686, 11.735104030268761, 2.453821106858369, 8.086923227839403, 8.682215243170258, 8.588239193773918, 7.723945742560085, 5.163478116241446, 1.7843663459565795, 11.083520467894184, 9.809739537296714, 8.380052320495633, 5.475189482090556, 5.8849527498512675, 4.0668090801514944, 4.057441959630849, 5.072542239195393, 7.510972865577241, 6.576461886913351, 6.725558381600961, 6.355894941940035, 4.834823481195677, 9.903843067665974, 8.429901257592096, 0.852742288226689, 6.197072313359613, 1.4423135149296415, 4.581152041692508, 6.429488457811682, 9.826041049799164, 10.809106911368755, 8.210360307662395, 6.827696303423317, 4.16415075959839, 4.499139281654762, 1.901268799897881, 4.308495329882251, 8.245936291902012, 9.495834402160474, 6.211760055118194, 6.021051115665507, 5.5845080491605845, 4.016023588832506, 5.733684924185632, 5.454529208975947], [4.3583370769824725, 3.813723911954369, 4.6623558263545455, 9.887875889285404, 6.558288571176218, 6.349362933053926, 11.282889632185551, 4.36310803128787, 0.0, 4.536761038804432, 3.6562942223118546, 10.021928512885525, 6.678705479635673, 7.144678670715809, 7.417373883999087, 9.332554083150349, 2.236913895999544, 7.435095291115677, 10.244709064836028, 15.933899166458383, 12.325360791391324, 11.207810389853341, 6.11537725197817, 13.04674349290521, 2.7729914943563507, 3.2884254348324395, 4.969648735294621, 6.273348542179475, 12.015553671035953, 2.515290546660836, 4.674835286482022, 14.767896547654551, 15.220473889778205, 14.135850394937071, 7.902011993188549, 6.797150828216655, 4.9643825411345865, 5.362134755388448, 0.492701337147184, 4.340318142520693, 7.654927896340817, 8.699811462488096, 8.894448142494156, 8.97163395979445, 6.72973277136905, 15.605971879756055, 7.437247349733811, 5.4733002953953, 9.037328145763256, 6.882789983991888, 3.4176232905451123, 2.258414121075452, 15.435112963812289, 5.941322135568864, 8.0878887639252, 5.006740152461034, 11.89436355918223, 5.72884860816675, 4.0560655793022, 4.902459203900496, 14.47702434448589, 10.235395228130985, 9.354799557030352, 6.175746886643784, 2.840288406151171, 1.557125626891651, 4.134221881666273, 1.2817436343486297, 7.352862622204238, 3.330049109992797, 4.312487804748151, 8.110154121139134, 4.261414042577517, 6.193265371095542, 8.640847260835038, 4.2217082663365755, 4.068970650736937, 4.225757850940698, 6.7491251536091434, 5.680179005207394, 12.19963917968962, 13.246451150872414, 10.38755258026685, 7.482056207354214, 6.914190063893931, 5.5062600568665, 4.285254474816421, 4.707352040590006, 8.875135691030842, 10.84968611259118, 7.088099344340602, 6.491894687152863, 6.867414224531351, 7.143869099259202, 4.085917869939404, 2.769368154528471], [5.481677731168468, 4.174180398984656, 1.0541252730337343, 5.651630397142851, 2.4332462508755826, 2.1825774242500438, 7.0382138481082235, 4.760061197352382, 4.536761038804432, 0.0, 8.177483227081826, 5.4896984033968526, 2.6904069537579742, 6.047343012721973, 5.20531618817113, 6.048838224300484, 6.754469175898089, 4.788366604156639, 6.8315123802906665, 11.509957794637383, 8.900485385656966, 7.632858974710219, 2.1932913421021483, 9.612785088025964, 1.8320130523523175, 1.2498914517633959, 3.1296813033025455, 1.9290192734018097, 7.4893363704433025, 2.264669492405121, 2.428646114721091, 10.447075299054308, 10.828246822898123, 9.858059253663598, 3.3756656945229833, 2.565822044527095, 1.566965909069008, 1.4372619971322547, 4.046193957466296, 4.772251743385605, 3.2314386740057683, 4.649096028833359, 5.068091868005028, 5.347895085642817, 4.976360702670172, 12.09606307436386, 3.1453736504328105, 0.9548414638773968, 4.785420713108327, 5.512858679726143, 1.2589503004374274, 2.378243336968295, 12.136728578714468, 7.212919531174771, 3.6960767279240874, 5.5607197324423945, 8.359268585607463, 3.238027711300902, 0.9477467975556022, 6.432539219334544, 10.869806015667764, 5.765895850902239, 4.819528226946802, 1.7014015614500342, 7.361348760167323, 2.9857798394942305, 0.705137573847139, 5.818171611173959, 3.0007004953930023, 3.6275303113711836, 2.817206687251525, 3.8475306406379834, 0.38725839605072726, 6.606982647936623, 4.193674431786936, 3.9445795517984195, 2.2661344903008898, 3.392531064392131, 3.0840744876192447, 1.670073197263194, 7.961441247079787, 9.000984771460896, 6.143329253042301, 2.9456004887692235, 3.732082269137891, 1.420740120976758, 2.97270392023454, 0.672098932883022, 4.348893917703919, 6.332896703693121, 2.5879239711653614, 1.9563868303060765, 2.540085556482075, 4.26969999329593, 1.616546653184282, 2.6616579632758604], [6.013041962142535, 6.710845601050683, 8.307567247699359, 13.335599423102662, 10.051891142502086, 9.9933614063407, 14.713618090696698, 6.511698627355824, 3.6562942223118546, 8.177483227081826, 0.0, 13.64518367811441, 10.126687948390984, 9.328162572167262, 10.125411544755703, 12.358421148401563, 1.423135838241717, 10.334992722455286, 13.284902744997035, 19.444789339172466, 15.288186195706938, 14.290420419365203, 9.576274846168273, 15.990982577349945, 6.429090652587456, 6.93464259954696, 8.319775806932187, 9.838210161590412, 15.62756202713632, 6.147635629574082, 7.892703373806152, 18.2106931221421, 18.71055496528948, 17.555247265149745, 11.550350402673862, 10.442713263143041, 8.414928803915625, 9.004037235987374, 4.1392665735072764, 7.0055940724929355, 11.222489533122358, 12.091383075184952, 12.184280626378616, 12.170476660654462, 9.328995362211074, 18.52839016824599, 10.957320870999133, 9.101065673927641, 12.507786754485345, 9.26320438053013, 7.073469555715032, 5.90912628186922, 18.230572483339408, 6.810957363480089, 11.74159324290321, 7.3823973072849185, 14.932096615370044, 9.134271630713377, 7.708089157958545, 5.963959916509772, 17.484048263447402, 13.891657015827343, 12.984442947073045, 9.781293704926364, 0.8166496128963348, 5.211943518882494, 7.726115088206433, 2.3965702968707148, 11.005381631014496, 6.453214576430049, 7.700735597172689, 11.604015455796809, 7.913913401958019, 8.327209464517075, 12.296897985527984, 6.811415914181146, 7.573293813105737, 7.073944550693212, 10.093317802688064, 9.321429105356192, 15.614861194981321, 16.65409566800409, 13.831101418202742, 11.117181051249629, 10.080785195199217, 9.041616393598892, 7.304617170563263, 8.291587700265353, 12.523873306767731, 14.453688677233048, 10.695948167032656, 10.126265842838428, 10.412830993916902, 10.170182945462239, 7.687396606040043, 6.270268802154872], [9.777177977541312, 8.835731717590248, 5.647410508158632, 2.379877308756081, 3.879080361311357, 4.2152000950185915, 2.919995158654031, 8.91157806791027, 10.021928512885525, 5.4896984033968526, 13.64518367811441, 0.0, 3.9758217730678087, 8.372527842892357, 6.705117160597326, 5.217165495542292, 12.224753606519076, 5.98281019425616, 5.260610218422903, 6.232501726321336, 6.473324209212814, 5.307814614688524, 4.39177309261462, 6.972097216189078, 7.305841276924674, 6.739426317285708, 6.987433407870519, 3.8762663339480814, 2.006574618747991, 7.692637225757897, 6.328454551381326, 5.480779680922338, 5.650472110682708, 5.060036317787621, 2.2287589646287906, 3.8350075483927215, 5.4423031883304995, 5.066649180113288, 9.53000630773691, 9.226718798936874, 2.558575685508862, 3.0702208154512043, 3.715050722516902, 4.267742931276159, 7.188300158977046, 8.839296976636211, 3.00067499526636, 4.548738011670855, 2.3236809240850214, 7.825185668007965, 6.687241001590199, 7.851182538131462, 9.28788909108182, 11.103997902415403, 2.655594420442347, 9.804510267945469, 5.856170224138901, 6.37549284150086, 6.133391967852666, 10.680912982866133, 7.596238922832852, 1.6530728308250315, 0.682101924111555, 3.868896818971763, 12.831324633135264, 8.474973290193184, 5.923255450567052, 11.30364224378544, 3.2320336089201684, 8.508820850894535, 7.195665243464503, 2.641996319148446, 5.793857766917107, 10.440082462072048, 2.1047872324860246, 8.097967161781401, 6.905206028979302, 7.539585701094114, 4.3903077184348716, 4.804239476389352, 3.585086440325717, 4.4032329549393765, 2.4765424902117474, 2.5496734279241284, 5.0726322368370225, 4.698800685624465, 7.108462205692127, 5.365779103425261, 1.3763442077322707, 0.9202998609038141, 2.9565536702676205, 3.533781271821902, 3.38499927473963, 5.5604996486436455, 6.446879810848246, 7.897075221408686], [5.801699885672035, 6.8579493205834305, 3.5284536349312523, 3.21534533018996, 0.33921252129904433, 3.388502464862464, 4.6061399463787, 4.935790033229134, 6.678705479635673, 2.6904069537579742, 10.126687948390984, 3.9758217730678087, 0.0, 4.776773372775181, 3.354128062907928, 3.4370576489269267, 8.74195412751957, 2.712659357868039, 4.1651533738802415, 9.321310232363135, 6.216276672434974, 4.94303182247603, 0.564976573010112, 6.925742488182927, 4.327757168683967, 3.6916036214103025, 5.5973182368396435, 0.9876435670516617, 5.761812020984185, 4.817362429150543, 2.3969846982044762, 8.097970620303744, 8.583873796189454, 7.458688018671649, 2.75273881038717, 3.4397125073065444, 1.7190631132755347, 3.431791058968985, 6.197560925888485, 7.441678399823451, 1.4644139540275378, 2.037735144253852, 2.381683675946087, 2.6662199492879393, 3.5471948343248005, 9.406044659579823, 0.9751794204671086, 1.9750720182010337, 2.3812514024199247, 4.1969972652686485, 3.8793569446473737, 4.835559458791393, 9.45362684887772, 7.164022302045012, 3.6765650299382986, 8.21245894239508, 5.669687451336922, 5.44400895452026, 3.6319094514911625, 6.706437990135465, 8.182748637924616, 4.985758842473379, 3.460420894387226, 1.4404115765474987, 9.335010204502545, 5.256405315952786, 2.6845763084757683, 7.921097165845688, 3.3756621422107354, 6.317936674503042, 5.418905023641039, 1.5005299288245317, 3.076987484221372, 9.204744170952514, 3.818701834658493, 4.126428284817167, 4.902623111624195, 3.577563511242969, 0.6344505722832299, 3.4182750988243584, 5.521156791379681, 6.567798127723102, 3.7138460681701937, 2.1922838326150256, 1.528026685337127, 1.2898205880032008, 3.16054369141205, 2.156460883097224, 3.4335529773798923, 4.588729614583822, 1.567497123277553, 1.872732498808546, 0.8052210118477492, 2.157505154068371, 4.261921475374463, 5.320468777671675], [3.3293442301164413, 9.481590087869503, 7.096342904512167, 6.576868493720209, 5.051701391408158, 7.792993553739672, 7.54526195484967, 2.8726706215532047, 7.144678670715809, 6.047343012721973, 9.328162572167262, 8.372527842892357, 4.776773372775181, 0.0, 1.717247586042276, 4.080677151522254, 8.296183024014072, 2.4171803416907163, 4.863742722113441, 12.163707855383937, 6.464844724355374, 5.840179680064411, 4.704909608100018, 7.090342989730722, 6.493069196415753, 6.090140541266766, 9.076347155718103, 5.53987981589301, 9.743454674132838, 6.917818589348069, 3.63891903828943, 10.647934165072584, 11.363919168225326, 9.938222075768683, 7.5290421755108765, 7.983282161141075, 4.5332890514563084, 7.40319416265469, 6.8539410798578935, 10.148257793912524, 6.15597230972732, 5.40146586483068, 4.948817158780673, 4.550198590246825, 1.2298045192626712, 9.497108444460563, 5.614748477711458, 6.0234191948752365, 6.145606252032549, 0.5810156733764873, 6.526789661713443, 6.696415473980186, 9.060239202266645, 3.4399217037187166, 8.440650349667994, 10.977203628790615, 6.29796845381699, 9.282539196099197, 6.779626711992021, 3.6814646363125694, 8.622172674692443, 9.653608590601632, 8.013287503449803, 5.936562164691881, 8.735020544622063, 6.543448953694157, 5.4633421023656155, 7.936529557668872, 8.062124875716789, 8.831912699698542, 8.616401794594003, 5.754913061521003, 6.285649267538915, 12.16622988138031, 8.592957536846647, 2.946459064727268, 8.045617956642928, 3.1325865938405886, 4.180144348903863, 7.545319650711925, 8.213222799187038, 9.077384250253205, 6.922106725678795, 6.9682251431120505, 3.3488878217569136, 5.104513375770901, 3.3430736023115144, 5.408268010152835, 8.14796744183637, 8.706314314120673, 6.3374991336853785, 6.482429867742053, 5.579721512735344, 2.8133012860188464, 7.459021317921288, 7.656779862911878], [4.391331802363922, 9.077571233621201, 6.248142565436757, 4.859647108953867, 3.668279026165546, 6.624678817726657, 5.8492834639115605, 3.6776155732700953, 7.417373883999087, 5.20531618817113, 10.125411544755703, 6.705117160597326, 3.354128062907928, 1.717247586042276, 0.0, 2.4902479488997495, 8.942130513745235, 0.7226432480821131, 3.3579942548892245, 10.523834723516483, 5.2054112911749355, 4.373092126844888, 3.4315399758680294, 5.890102639062236, 6.109178429005892, 5.587821042878038, 8.332989662361769, 4.243506300670431, 8.02915719970027, 6.588532223365359, 3.0657227967204563, 9.033266500184014, 9.725643907188093, 8.324530072063329, 6.054233381490654, 6.743615609945471, 3.640396390304226, 6.413589862852551, 7.040451686953013, 9.73110923932543, 4.617475884873719, 3.696890402726858, 3.231673683720399, 2.8448855138969806, 0.8319000705279445, 8.4087749526176, 4.077534322210991, 4.939303339392, 4.446349535044303, 1.2573988679556027, 5.973546393010676, 6.437475694648492, 8.113738834265883, 4.982871613734378, 7.015802382058742, 10.556501423991717, 4.9254676487810745, 8.396944651308802, 6.066029032186584, 4.995146260183973, 7.405905285804832, 8.04954448204907, 6.384459134649245, 4.679944269432261, 9.448443937820178, 6.47998223834559, 4.757368702953842, 8.408308155107278, 6.72659399163683, 8.447450396588296, 7.968833507017785, 4.123613971389324, 5.515147608950996, 11.689839643772547, 7.098094550032584, 3.327345106103999, 7.397873029643082, 3.19496261625943, 2.722358530328916, 6.496558420594934, 6.547964008741426, 7.447013409143058, 5.207581221029663, 5.5178769629507105, 1.8313390731495685, 4.004340495288335, 3.1651198375813983, 4.5335539802608205, 6.584266923828567, 7.003212277946703, 4.912079491184972, 5.186441729334398, 4.1510856824445765, 1.2159682103278415, 6.765393698835557, 7.286513438227159], [6.836653729393261, 10.21271493584046, 6.95394873798533, 2.943414554550605, 3.7580274729644487, 6.705384426923585, 3.574806981709965, 6.071398414563972, 9.332554083150349, 6.048838224300484, 12.358421148401563, 5.217165495542292, 3.4370576489269267, 4.080677151522254, 2.4902479488997495, 0.0, 11.094397101808175, 2.053452742310871, 0.9265009526448299, 8.084009217826635, 2.99471237090697, 1.938887497701205, 3.8641750214261084, 3.717973219033545, 7.4615947012177335, 6.850268545119428, 9.033802027053081, 4.402592127777347, 6.075095518274196, 7.964302160123776, 4.665815140800337, 6.568762128480436, 7.284114559143174, 5.859030878313606, 5.420486889043193, 6.656858950669932, 4.69960534081488, 6.862664501053665, 8.899992505727724, 10.820241176457568, 3.980248565699436, 2.277931778430075, 1.5568320846422656, 0.9964251592569234, 3.3057904963502693, 6.275591507358818, 3.5655938357315398, 5.410688993797238, 2.938423471271236, 3.719733919938239, 7.131548608643218, 7.9033939638702035, 6.1689616705183425, 7.459250100006668, 6.435593813648052, 11.608637688757547, 2.5780956296131934, 8.864414312451853, 6.995644562037338, 7.480167749402641, 5.152537778218492, 6.793585791340205, 5.12841155474269, 4.840034200037509, 11.637000745253664, 8.143790228304509, 5.8645101283612995, 10.447631512784795, 6.41261472907411, 9.638710837913237, 8.835591811682718, 3.1771780698055694, 6.425242099679615, 12.629002072855137, 6.299381483642749, 5.576765703358109, 8.304091853603005, 5.2859499355400725, 2.9649911234958393, 6.828290311455043, 4.156978700341084, 4.997021148819821, 3.132247578893802, 5.0285075404691995, 2.458246030613693, 4.632043234146693, 5.095585082665465, 5.433536605816158, 5.589010020358344, 5.230605734079185, 4.593537924938948, 5.164634857395961, 3.982250842260773, 2.2011548600097726, 7.656579222484281, 8.56416896208266], [5.061487829739107, 5.5229887763879875, 6.895787075496252, 11.95562739100303, 8.656463118766824, 8.582582948072348, 13.339548423600007, 5.429832081338146, 2.236913895999544, 6.754469175898089, 1.423135838241717, 12.224753606519076, 8.74195412751957, 8.296183024014072, 8.942130513745235, 11.094397101808175, 0.0, 9.09732933584894, 12.019865524475225, 18.051810126929592, 14.052401163467428, 13.015584716018918, 8.187418457997108, 14.762745042275414, 5.009647729989389, 5.511535998783131, 7.0115265217072595, 8.427302447389378, 14.209388934136259, 4.740066621406115, 6.553508854966188, 16.835876014439325, 17.32292549153743, 16.186592819579882, 10.12721866997009, 9.03114593197826, 7.025473159643809, 7.594129827139912, 2.7172244534609677, 5.895037215881822, 9.812035074728971, 10.724359675981269, 10.844691151556717, 10.85608970412934, 8.170147849178294, 17.312386606275897, 9.557053391115954, 7.679277690374836, 11.121095907522495, 8.169282183173491, 5.654411988958009, 4.4937315971263665, 17.05489526416334, 6.160447348651162, 10.324728087110241, 6.373360188903852, 13.672416568316171, 7.811520257887977, 6.292307977007669, 5.2082153463929, 16.239310573958015, 12.471414381736937, 11.562971932785988, 8.36288898627091, 0.6069418451931904, 3.7904749319807096, 6.308564328878833, 1.0056099320122058, 9.589451179238637, 5.194412446250185, 6.3766452610496795, 10.2105737184445, 6.4912517873597055, 7.419811034654385, 10.877316889971336, 5.615033020102229, 6.211734813564785, 5.815726525581759, 8.733876912309189, 7.911933747178829, 14.245852969658428, 15.288077097818944, 12.452743633706037, 9.694851649562201, 8.767500289315066, 7.635733223876112, 6.007316166266964, 6.875768545790624, 11.100743274534643, 13.036894525455141, 9.277497543891664, 8.70391670579712, 9.006437969436305, 8.895713850849937, 6.293262754840286, 4.903186820516717], [4.798815615774597, 8.790265164062815, 5.809000609827934, 4.172983297483523, 3.038812203232338, 6.04863119326724, 5.218375918964415, 4.020384051857992, 7.435095291115677, 4.788366604156639, 10.334992722455286, 5.98281019425616, 2.712659357868039, 2.4171803416907163, 0.7226432480821131, 2.053452742310871, 9.09732933584894, 0.0, 2.971465590238553, 9.946308404313656, 4.956396362922219, 3.9901853656258037, 2.860159809886177, 5.665416520157265, 5.873010025367855, 5.3122239805219476, 7.913010630363292, 3.6427612087388797, 7.328247304486772, 6.366104436946963, 2.873984461050265, 8.482415626083588, 9.151249306326356, 7.776899308757473, 5.369899386869258, 6.138966158862876, 3.2513927404595417, 5.912446210257007, 7.028371550253156, 9.432655598998874, 3.918870585749256, 2.9846115879310586, 2.553819849112693, 2.2160172797906896, 1.3541601143694393, 8.216842314090623, 3.3819156540993007, 4.420042677210546, 3.730841063656678, 1.9132571007585142, 5.666848077133308, 6.248138470283969, 8.002620197021276, 5.567019526778802, 6.34406374855032, 10.250427582523598, 4.603712544519397, 7.918911108384731, 5.687869370261352, 5.484154560249236, 7.149349317385495, 7.331042631311873, 5.663443980039438, 4.089515044503754, 9.627540584684434, 6.373176611942376, 4.413887303533412, 8.495809586521826, 6.086535724711523, 8.174721168131212, 7.591883500919693, 3.403643015063804, 5.123062364163469, 11.354304770331689, 6.404971664434271, 3.5336396275248454, 7.027506555736575, 3.282975012026003, 2.0785229818691326, 5.969967962352199, 5.955013179121286, 6.887113355609544, 4.539637586086308, 4.843789895177508, 1.1888639656809663, 3.4999669223283703, 3.1512072508495934, 4.119343529232891, 5.8744198582497935, 6.290341870347577, 4.250605753483411, 4.573065385824888, 3.495312811647612, 0.5598915100098752, 6.3842954359715876, 7.034794293833458], [7.734316849384544, 11.005431396890414, 7.692347670467031, 2.885297705883413, 4.466311322098058, 7.295309684342126, 3.1387917104416396, 6.981409396919372, 10.244709064836028, 6.8315123802906665, 13.284902744997035, 5.260610218422903, 4.1651533738802415, 4.863742722113441, 3.3579942548892245, 0.9265009526448299, 12.019865524475225, 2.971465590238553, 0.0, 7.367060561763728, 2.101962604733577, 1.0207598029022174, 4.638284690450163, 2.8260595819636407, 8.312525249293246, 7.693188157962238, 9.742805417238763, 5.09190185712029, 5.808915806874033, 8.81488017878686, 5.572557635059667, 5.8202185162554985, 6.569118863073124, 5.1133036209331815, 5.826992468487824, 7.199912071242131, 5.546868229290925, 7.544410181816877, 9.807937715917932, 11.599977205527512, 4.465546118365176, 2.6369527170575804, 1.9501984964586325, 1.5110779750274566, 4.185339170522535, 5.3749295918559445, 4.124553109021885, 6.133031462992602, 3.14610899314059, 4.552705016924472, 7.954405296229189, 8.767823224794734, 5.317245029965317, 8.282387485982145, 6.824176456483873, 12.376178528428431, 1.653998065102496, 9.518570917715575, 7.778903575323885, 8.35204574117533, 4.233489476511164, 6.89479776604909, 5.291956631300639, 5.510209272722115, 12.563228974228553, 9.033028632480889, 6.696172301588793, 11.367940698664496, 6.892275779086511, 10.445942472551307, 9.583878520628746, 3.619623357676099, 7.213634571812888, 13.366253072908986, 6.610949449562974, 6.500508841804035, 9.066301910572784, 6.212401807870922, 3.7606563525093395, 7.481882366803932, 3.5554502330928948, 4.288841984520522, 2.9239692640962973, 5.502774596959303, 3.346077639864394, 5.410900058504159, 6.018795073248364, 6.2391401754939535, 5.847788944056625, 5.110817716391611, 5.144197332170687, 5.774537357624355, 4.611513377911745, 3.1249221286979894, 8.423328779109346, 9.39437838560711], [14.650706705075965, 15.06737492120208, 11.823926588083747, 6.1350170001648845, 9.395354697530127, 10.447535496975343, 4.811775823402582, 13.812055415139051, 15.933899166458383, 11.509957794637383, 19.444789339172466, 6.232501726321336, 9.321310232363135, 12.163707855383937, 10.523834723516483, 8.084009217826635, 18.051810126929592, 9.946308404313656, 7.367060561763728, 0.0, 6.577591197008123, 6.512189398122437, 9.86870435636248, 6.418110824034133, 13.339903900510595, 12.73236245606593, 13.212873669619826, 9.665770104809857, 4.343469409781293, 13.769360617857169, 11.63897544391778, 1.5800032025677357, 0.7999339642624835, 2.2655298640385486, 8.447003182966183, 10.064687118711362, 11.029861117398164, 11.278782381110236, 15.443811406025493, 15.45651085851802, 8.294089770195631, 7.423311137171441, 7.512624412698457, 7.7384924786062985, 11.293012554829879, 6.254327853282735, 8.49958141923486, 10.556314001595313, 6.940963119858782, 11.777421980615781, 12.757151437586936, 13.884528425353368, 7.171768798112652, 15.502964362277288, 8.830067327389855, 16.017639063056112, 6.347562428581072, 12.572183156997601, 12.259953692894243, 15.40850166970698, 5.633250032983259, 6.98992293973105, 6.9015202192718474, 9.811525118373371, 18.64875066460625, 14.435284873854004, 11.80829513463061, 17.19980581511216, 9.45558148860993, 14.727823067621035, 13.427259366550345, 7.841443173142596, 11.8537999950731, 16.591143346195473, 8.233821771159443, 13.137047223592704, 13.123386213308256, 12.681103757559502, 9.418533819547015, 11.02710282974175, 3.9955889096908317, 3.0876610519819834, 5.6514628009937145, 8.681895810331506, 9.656735320396638, 10.429126370237167, 12.334133771019632, 11.234424176105732, 7.598199298038238, 5.314323051454595, 8.926682515842872, 9.610624035838619, 9.066887515639364, 9.821821384632456, 12.63755052972843, 14.053353361315347], [9.581058848624624, 13.073083630776683, 9.72668680441256, 4.2082958218619435, 6.501427868439842, 9.19049647709698, 3.708604298505089, 8.88295306454353, 12.325360791391324, 8.900485385656966, 15.288186195706938, 6.473324209212814, 6.216276672434974, 6.464844724355374, 5.2054112911749355, 2.99471237090697, 14.052401163467428, 4.956396362922219, 2.101962604733577, 6.577591197008123, 0.0, 1.3098247407273762, 6.711412140074682, 0.7244340658601465, 10.411514667738727, 9.79015693781505, 11.743233314873756, 7.106055150814567, 6.388367972592206, 10.913604718286127, 7.660527093462387, 5.007693133041806, 5.831814071927791, 4.377636674361744, 7.536589106244113, 9.043848996413445, 7.646365821987263, 9.530336004962901, 11.894448805395472, 13.657364120367417, 6.309620662840849, 4.471470810783105, 3.88410020055439, 3.5525904063526443, 6.031848817310621, 3.281018024111523, 6.049745776547053, 8.163189160580925, 4.775676155075062, 6.276626789490936, 10.043279552336804, 10.869293264622886, 3.237397131533283, 9.893963333014776, 8.482954734486729, 14.422759980440855, 0.6253261608350587, 11.464686348479155, 9.845706517137838, 10.105426628727244, 2.201178559064879, 8.116621182624666, 6.691805763828702, 7.50416636585461, 14.58392384811313, 11.132439771586165, 8.79007511483363, 13.42951385761583, 8.666072600108164, 12.523741411360334, 11.619918998853139, 5.458667098268276, 9.285074081984508, 15.384282947772327, 8.169808381169364, 8.478670440995995, 11.114882232011446, 8.236716782728841, 5.848161873556852, 9.44127807387003, 3.5822323685069084, 3.809266863653261, 4.001220227193238, 7.302349197339879, 5.4441920413033165, 7.482737594096784, 8.073356191874073, 8.322445047794842, 7.359378062504088, 6.04696637758387, 7.0343