{"E": ["Absberggasse", "Albertgasse", "Alfred-Adler-Straße", "Althanstraße", "Am Heumarkt", "Am Tabor", "Anastasius-Grün-Gasse", "Augasse", "Bauernfeldplatz", "Bernhardtstalgasse", "Blindengasse", "Braunhubergasse", "Brigittaplatz", "Burgring", "Börse", "Columbusplatz", "Davidgasse", "Dornbach", "Dresdner Straße", "Enkplatz", "Fickeysstraße", "Floridsdorf", "Floridsdorfer Brücke", "Floridsdorfer Markt", "Franz-Josefs-Bahnhof", "Friedrich-Engels-Platz", "Gaußplatz", "Gerhardusgasse", "Gredlerstraße", "Grinzinger Straße", "Gunoldstraße", "Gußhausstraße", "Halteraugasse", "Hauffgasse", "Hauptbahnhof", "Hauptbahnhof Ost", "Hauptwerkstätte", "Heiligenstadt S+U/12.-Februar-Platz", "Heinestraße", "Hernals, Wattgasse", "Hetzgasse", "Hintere Zollamtsstraße", "Hlawkagasse", "Hubertusdamm", "Höchstädtplatz", "Innstraße", "Johann-Nepomuk-Berger-Platz", "Johann-Strauß-Gasse", "Josefstädter Straße", "Julius-Raab-Platz", "Jägerstraße", "Kaiserebersdorf, Zinnergasse", "Karlsplatz", "Karmeliterplatz", "Kleistgasse", "Kliebergasse", "Klosterneuburger Straße/Wallensteinstraße", "Knöllgasse", "Knöllgasse/Troststraße", "Laurenzgasse", "Laxenburger Str./Gudrunstr.", "Leberberg", "Lederergasse", "Leebgasse/Siccardsburgg.", "Liebknechtgasse", "Liechtenwerder Platz", "Litfaßstraße", "Löwengasse", "Marienbrücke", "Marxergasse", "Matthäus-Jiszda-Straße", "Matzleinsdorfer Platz", "Mayerhofgasse", "Mayssengasse", "Molitorgasse", "Neilreichgasse", "Neulerchenfelder Straße/Brunnengasse", "Neulerchenfelder Straße/Haberlgasse", "Nußdorf", "Nußdorf, Beethovengang", "Obere Augartenstraße", "Obere Donaustraße", "Oberzellergasse", "Oper/Karlsplatz U", "Pantucekgasse/Widholzgasse", "Parlament", "Paulanergasse", "Plößlgasse", "Prater, Hauptallee", "Praterstern", "Quartier Belvedere", "Radetzkyplatz", "Rampengasse", "Rathaus", "Rathausplatz/Burgtheater", "Rebhanngasse", "Rennweg", "Resselgasse", "Ring/Volkstheater U", "Rosensteingasse", "Rueppgasse", "Römergasse", "Salztorbrücke", "Sandleitengasse", "Schlickgasse", "Schloss Belvedere", "Schottenring", "Schottentor", "Schwarzenbergplatz", "Schwedenplatz", "Seegasse", "Sickenberggasse", "Simmering", "Spittelau", "St. Marx", "Stefan-Fadinger-Platz", "Stubentor", "Svetelskystraße", "Taborstraße", "Traisengasse", "Unteres Belvedere", "Valiergasse", "Wallensteinplatz", "Weihburggasse", "Weißenböckstraße", "Wexstraße", "Wilhelminenstraße", "Windtenstraße", "Wittelsbachstraße", "Zentralfriedhof 1.Tor", "Zentralfriedhof 2.Tor", "Zentralfriedhof 3.Tor", "Zentralfriedhof 4.Tor", "Zippererstraße"], "EA": [[0.0, 5.173436648510488, 0.9462009369910672, 6.306453329569761, 2.7106756751854033, 5.512756574054887, 6.707157754923418, 6.480514903984056, 5.452357576518089, 2.146396896236863, 5.358763658164809, 2.1374151147202958, 6.482366308525277, 3.6828696106632495, 4.779175892831386, 1.4359680473682024, 2.5462792529368414, 8.27047309204232, 6.845625102444757, 1.9072666517224244, 2.6565819055962643, 9.01734019506236, 8.068446824667602, 9.603841083747593, 5.930264417483822, 7.615910410686548, 5.784756363324503, 6.443592935774341, 4.285422292554263, 8.919163520544515, 7.923299901577071, 2.655827688741643, 8.664985102905964, 1.6435948555532953, 1.6284895865858946, 1.200309075745378, 5.750415187732503, 8.363000812332576, 5.169352315798327, 7.191708459026886, 3.5998165867012086, 3.8999893306673825, 0.6674090272922839, 8.290747866301539, 7.095284050596397, 6.06175453299446, 6.344121688191862, 2.3896026647373136, 5.467412484837065, 3.9095623997331317, 6.812236220302528, 6.173085409502186, 3.133560726206639, 4.476488029477538, 1.9576812624252433, 2.0903030348231026, 6.074890327879739, 2.4079852899567076, 2.760886949028508, 2.3214169399750437, 1.27566717435269, 5.606467196334589, 4.855680429613317, 1.5259067692742299, 8.091517272313729, 6.797714892361861, 1.4086198730084456, 3.324749700403182, 4.241439176072829, 3.5136441359996406, 8.647184059172405, 2.3900397384991257, 2.548645403181899, 6.568136808689888, 1.4347824887739686, 1.8529521718590205, 5.614589225015017, 5.934102592834897, 9.49332909661431, 9.520621827894352, 5.286226239776987, 5.044609942321575, 1.77554674491019, 3.3022107921869157, 5.361484969944911, 4.26871628342695, 2.833083256180479, 2.2840144205501094, 3.8334254496724856, 4.694487066095165, 1.4873697285034981, 3.873437741734015, 7.55178790994171, 4.528565461430225, 4.4212649504225245, 5.776260164880872, 2.0789686670118646, 3.041824774692859, 4.104718643704625, 6.7167741678199935, 4.954322854873313, 7.293391115271163, 4.394426402950296, 7.704695483481289, 5.128517477025797, 1.9564994544617829, 4.743663473279051, 4.709029137253285, 3.051018529715213, 4.072968321870795, 5.64820112714839, 9.277258515122593, 2.305356732493775, 7.118052058123945, 1.5546671797052887, 2.8358410140946035, 3.5063216267375634, 6.0809582690118456, 4.8285911110487945, 6.432922751290818, 2.4746119862388927, 6.165038418070058, 6.1844215367573705, 3.3002605613352656, 3.2208431904392385, 6.905812929370758, 6.908141463408059, 2.9488943077092755, 3.407447770839108, 3.668473123554534, 4.496751713702336, 5.015965062365035, 5.375517144272695, 1.5315188342309387], [5.173436648510488, 0.0, 4.229166112781335, 2.326089541720765, 2.7783698315289196, 3.370199049576403, 2.179424809731604, 2.3580078214346645, 1.6875638853853052, 4.026390641698418, 0.24828421055276123, 7.027229456589944, 3.1395077690608053, 1.6473223939937065, 1.7130988525201503, 3.8429213175414083, 4.022070194350619, 3.164534899231099, 3.9427162141722305, 6.721307706267355, 7.653503253099826, 6.602037072498669, 5.326707011061785, 7.08258433021149, 2.0969295578839153, 4.577154188482175, 2.594472955516878, 2.8687922266472374, 2.6585290598969724, 5.120250131931393, 4.002359718243974, 2.7363280703091464, 4.820287584851205, 6.273037278416777, 3.5527781832052767, 3.976006033282974, 10.796787342578684, 4.477380950215189, 3.130870145067032, 2.051317380871953, 3.6393806340587673, 3.1905078336103307, 4.54090851439306, 5.694767679123606, 4.006799287909546, 3.864948368280162, 1.372591133540128, 2.8221693090475584, 0.3626976936759974, 2.893585864683852, 3.3939630621372117, 10.943494050218623, 2.2110624260263543, 2.7564724980780078, 3.9170661932506934, 3.437248780948125, 2.692298790568447, 3.8524180804439934, 4.274853217506242, 3.097204461594521, 4.219130742926814, 10.554345039737914, 0.37225888088315423, 4.31593653282454, 3.061853281542522, 2.6106434666504676, 5.445007461177161, 3.821382099449005, 2.4949423254648373, 3.175730016997222, 6.102302772596596, 3.5186579999608827, 2.626535650715963, 1.4990081566467337, 5.7284405629536375, 4.158550182052311, 0.587239949185836, 0.9618831421803172, 5.7460964641976515, 5.620987338169426, 2.635601236189466, 2.2442942775677834, 4.348244460460932, 2.1218628272620794, 10.343380083935525, 1.2165712166761584, 2.3561759838284617, 3.0437759754686486, 4.583481254587573, 3.6242911934540354, 3.73503376975076, 3.427065014117443, 3.5859153116924083, 0.8465143902945768, 1.2364800734097223, 3.8057642578419544, 3.622820792391631, 2.2027761992408013, 1.256051980098293, 1.5673372376758434, 3.305660788146399, 2.353229216782822, 2.2552246859403655, 2.803765408574785, 1.7554346430397556, 3.3391447901975506, 2.132510755516657, 1.3812397436230857, 2.501991288004984, 2.5102885034660187, 1.882276964432373, 5.5343243781936575, 7.241825041230055, 2.9724893913331467, 4.807419204960922, 4.804100450287518, 2.7119676009236824, 10.992682952407538, 2.8883713897835825, 3.8746027158358687, 3.0629958477674646, 10.998427381826396, 2.96929546785382, 2.5922572806436817, 8.283419509176175, 3.2541296277273672, 1.9150635412324823, 4.49905209318741, 4.138703112577313, 8.744107549764824, 9.577201381252957, 10.078539155032752, 10.421447023057686, 6.039358804739816], [0.9462009369910672, 4.229166112781335, 0.0, 5.454068044140927, 1.8772698695538454, 4.8252149854496675, 5.817085688981669, 5.620395748875583, 4.583970149715562, 1.6009237236161216, 4.41296235098448, 2.982338807072851, 5.700406651787091, 2.7668069031281575, 3.9226014673220124, 0.5827549427969105, 2.0124550026490446, 7.325199717846858, 6.130303421922554, 2.714528332213734, 3.549475659064758, 8.434706092145356, 7.414487580113262, 9.017592796357777, 5.077697374412353, 6.908919966017055, 4.987396070608873, 5.635202425700502, 3.542682218660237, 8.142807300870963, 7.115614613767639, 1.7955624175483589, 7.879002106585507, 2.3553626447382854, 0.6829114952818606, 0.2837106714137219, 6.671707480841096, 7.567160933678901, 4.468441247721648, 6.245510597170967, 3.0489159154838243, 3.2499317005299093, 0.34009287557776635, 7.663520175389274, 6.365613028644888, 5.402812405549721, 5.400445742151006, 1.4477041589793436, 4.521393015067593, 3.2043077789179337, 6.033692083435763, 7.026328546257693, 2.235937659860724, 3.74647746853153, 1.4433837413986808, 1.2784784540423928, 5.2716469610039525, 1.809135435264813, 2.307974015465894, 1.4414780162385932, 0.7111175566094206, 6.502718191029712, 3.914937738731771, 1.0899413538989782, 7.149245725298232, 5.939399840899213, 1.7881042790273487, 2.8245949292575823, 3.4744453827728505, 2.8587464189983463, 8.036496851136734, 1.669168320679358, 1.6031859828636157, 5.622673238317464, 1.9579977643263724, 1.3501162403155105, 4.668502658437139, 4.989227898103564, 8.731807079840584, 8.739560948518855, 4.516626994455281, 4.238553249079981, 1.4808244902962773, 2.414665435266956, 6.26563072303418, 3.3546637293148485, 1.8986455960302928, 1.4258169284984095, 3.4949988274278665, 4.095010256447454, 0.631670166999463, 3.2706482175788647, 6.731909378536932, 3.5997904459082344, 3.516313273660257, 5.131596068466097, 1.436215363331752, 2.1222545189589517, 3.183198623740781, 5.770644804124803, 4.289581760464316, 6.353608055110181, 3.5957951386663023, 6.768087990397828, 4.272975598456954, 1.1102706408652778, 3.93012605126524, 3.823230796234227, 2.2068013754103872, 3.306204042737238, 4.789291033902729, 8.513315622702178, 3.171677189659744, 6.270576275195903, 1.536619809828592, 2.5518765959087815, 2.7544375317408236, 6.969774156771889, 4.10849042174322, 5.744488989684501, 1.6834930802958321, 7.034350933678224, 5.404149343969559, 2.5081732973832214, 4.139089592068678, 6.104311079116873, 5.96527858388326, 2.5560192526729475, 2.9872487308578513, 4.592260386720965, 5.423991199237841, 5.939764288120797, 6.295935977313507, 2.1756740011293187], [6.306453329569761, 2.326089541720765, 5.454068044140927, 0.0, 3.5961433215297802, 1.8328067066889842, 0.7304250510463719, 0.20509223783103508, 0.890347978558306, 5.830237850509782, 2.4385065224257367, 7.71347053884708, 0.9136243902035486, 2.7890927553545546, 1.531497966521172, 5.275522277744645, 5.943311549283114, 3.815968785269499, 1.735982500353335, 7.395779415726633, 8.366475238116433, 4.321549225767214, 3.0403905151672674, 4.777645317716739, 0.3765347791504572, 2.275582956966195, 0.8328055344235022, 0.6004016582237699, 2.229057099941651, 2.8814041196435602, 1.7663724355566357, 3.661010653402964, 2.5873656549487816, 6.917864349650287, 4.881529023957079, 5.170576468399411, 11.401213791616218, 2.2472160787602213, 1.855490332535702, 2.929509764768195, 3.3642513738591497, 2.8413314854837513, 5.79413672168727, 3.4175867582109754, 1.733077124050823, 2.030328306851444, 3.0240315528303188, 4.345245234691948, 2.465936726746135, 2.653181832121187, 1.0959028171482357, 11.252586011194882, 3.2378512350532413, 2.125835485091896, 4.527641661710067, 5.121372137130278, 0.6543634809492326, 5.7275560203910265, 6.249695827465376, 4.786934886570644, 5.715409923311309, 11.049015705758082, 2.2785881576615195, 5.932330110837912, 3.965955321170086, 0.49669249716545627, 6.047834946809653, 3.672146144301464, 2.1909390926703702, 3.103754098227701, 3.818008524691984, 5.355820583589561, 4.057242159533026, 2.8952268274811463, 6.347285295180533, 5.875260125926734, 2.6287726801536926, 2.836843528610983, 3.5083955795288606, 3.432959952203951, 1.3431155260414027, 1.3490512905040033, 4.906854693847432, 3.0496284058735816, 10.884573291281477, 2.2503034604245267, 3.676850054785761, 4.033383386789256, 4.0759865008911005, 2.6482708510298294, 4.838040597664657, 3.0272510002944264, 1.3490021257699978, 2.2035353856530593, 2.048628867136221, 2.1338180936064757, 4.305006699319653, 3.4001812179613817, 2.4558360051589165, 2.6430467629497074, 2.1753602966321997, 3.649559462900087, 1.969865689256026, 4.028310863467491, 1.1811044925962448, 4.357979381695666, 1.605497615846342, 1.6762342063342208, 3.256933131108693, 2.3418425339932423, 0.667943734690992, 3.289877702331771, 7.9399109167627255, 0.8178493215598927, 5.375989503466402, 6.774757353353748, 2.8875645294167773, 11.431123078183438, 1.9263489932730287, 1.8374015729026452, 3.8369486510350024, 11.360768122049217, 0.8893293069159302, 3.0280244745263256, 9.023237111928475, 0.9283760172335621, 3.2792740171113457, 6.50932485582558, 3.888055071377095, 9.475714557332045, 10.277434223431595, 10.732440542637923, 11.038926297832505, 6.673781376895112], [2.7106756751854033, 2.7783698315289196, 1.8772698695538454, 3.5961433215297802, 0.0, 3.021554673602255, 4.0115655409162825, 3.769887758753313, 2.7441855364017376, 2.7124481090892436, 3.007930131540642, 4.3069525594233635, 3.825542242924515, 1.1328393868889106, 2.0687155758112925, 1.8249578944957652, 2.995303667872895, 5.938856630716934, 4.287848365772546, 3.9937960486353203, 4.948954927689052, 6.701475200110546, 5.615452994304144, 7.275769250398068, 3.219826772916893, 5.068472007058263, 3.1105051987059196, 3.758177121149111, 1.7069011643888954, 6.267404176517516, 5.238866005966801, 0.15726833722495526, 6.002289756614781, 3.531279267663126, 1.4005896621426168, 1.5945806679165115, 8.075603091108789, 5.689899677332898, 2.6570202879149205, 4.820597988157151, 1.614678304084074, 1.5734896572161248, 2.215800839764521, 5.8888741563162394, 4.512265748523258, 3.620679763795095, 4.115373832614529, 1.2448931704947728, 3.1257786454338508, 1.4335514008865928, 4.159282377203296, 8.168692543506804, 0.573247221183798, 1.9193646721571598, 1.1387048512122904, 1.9787458222266725, 3.3943779871523185, 2.7409848367967884, 3.3477790779721333, 1.7533561402033908, 2.2693095214802934, 7.804395267981175, 2.414038366690706, 2.5713266305121625, 5.838331898810496, 4.087042548850296, 2.6826422950561053, 1.5667556704918442, 1.617285636260238, 1.225359449789738, 6.276030150732066, 2.3888485787807934, 0.9843183243715556, 4.27354038484709, 2.973176980330636, 2.632926472290394, 3.322976894442985, 3.68967195238616, 6.859594906825716, 6.863215782351394, 2.649011509390184, 2.3613308363171592, 1.5699191955784533, 0.6662718362258515, 7.603120361121115, 1.6638604882549977, 0.7666006504647176, 0.4570332457482472, 2.4360655365918196, 2.4401971983551873, 1.2497367598247566, 1.685676929984408, 4.857287443268367, 1.990314031103905, 1.777435973550269, 3.3715529257118586, 0.8458191423719585, 0.6746050707286892, 1.5475941631198393, 4.336376477181346, 2.526753460305853, 5.105371339123504, 1.7204410017033003, 5.550429217382949, 2.4178643302351794, 0.7679453629813306, 2.052952180140041, 2.0191048873100867, 0.34158411507322617, 1.452093354184123, 2.937638711099402, 6.640573195433803, 4.527889622638531, 4.409027281271842, 2.032472101989389, 3.7915510664693013, 0.9399489733151665, 8.233560897839604, 2.283857611164647, 3.927482738475288, 0.2862253576443092, 8.228624043862272, 3.530088740470293, 0.6505746685345815, 5.594729177188685, 4.227044595110664, 4.676306576078902, 3.637047009151831, 1.8694796027408584, 6.055569090196195, 6.881936458894793, 7.369624720168403, 7.70252658228253, 3.291904239653783], [5.512756574054887, 3.370199049576403, 4.8252149854496675, 1.8328067066889842, 3.021554673602255, 0.0, 2.562560327846665, 2.0217069899193425, 1.7695776414217508, 5.686578745917991, 3.577433141148236, 6.502501459921697, 1.283420397316547, 2.810042268899516, 1.7087346180916412, 4.845496925162572, 5.91745252593723, 5.597874886784374, 1.3449676378221802, 6.193308443257427, 7.143952409228941, 3.7010989660748757, 2.5956214492277767, 4.26707394247341, 1.6699741371012133, 2.1045323349431713, 1.0160836207624155, 1.4617262774539297, 1.31998126608065, 3.506882680905174, 2.688701130981684, 3.1498917046125987, 3.291291060794979, 5.723536651751747, 4.420729146301428, 4.554851042410557, 10.031110109241606, 3.041014496772451, 0.36578100929277235, 4.626418962776292, 2.013787702124392, 1.6168254241416373, 5.148661309152199, 2.869051684495169, 1.6130036483173305, 0.6108495172966292, 4.485886342282239, 4.146977084697646, 3.654821829264009, 1.6209106305816383, 1.5324586692090907, 9.731851101648742, 2.9587313075784163, 1.1048222971794013, 3.5646392046562614, 4.940440460205139, 1.1935359917943067, 5.670251071569148, 6.261956418147717, 4.659792917751385, 5.287807865877958, 9.625028296011887, 3.1275961998285324, 5.5923463819291, 5.707224656162787, 2.1977397577234266, 4.889126976039757, 2.3359182057164856, 1.4388014444998674, 1.9993883056354607, 3.260695304876842, 5.297609758186366, 3.8437085835972287, 4.439634808686855, 5.175085424749291, 5.638323180958746, 3.8720757210063743, 4.184335093855786, 4.034843845038103, 4.10927384712241, 0.7352670801419442, 1.1354868792799324, 3.844664377002262, 2.775719039912223, 9.488882109988543, 2.559853150511916, 3.4750749673457992, 3.468922155297804, 2.4495707777985776, 0.984041692082086, 4.199427314398112, 1.686116604534136, 2.432507645374421, 2.775025628379081, 2.385858546004477, 0.4426605627906671, 3.4390199323172363, 3.1918376830363413, 2.7243441834607762, 4.261029388391165, 0.5734545045748553, 5.278053132647359, 1.4602658411360696, 5.693821228691681, 1.6161190195297668, 3.741981620491486, 1.3352082523181266, 2.0595190067904303, 2.7566051888837344, 1.589152806616806, 1.6738135127586293, 3.826628834548851, 6.726001769025169, 2.3104213093169963, 4.2604447909426755, 6.744249087439352, 2.087351872452528, 9.971250140781619, 0.7441166857540683, 0.9213033943342425, 3.155166434882565, 9.863970816185175, 1.0571888570584944, 2.3730885572665974, 7.793661184076222, 1.756521791683146, 4.865307753914024, 6.547109598085985, 2.4395582463857033, 8.226492153754611, 8.987101224215387, 9.403996445484099, 9.68306082099049, 5.488443460642758], [6.707157754923418, 2.179424809731604, 5.817085688981669, 0.7304250510463719, 4.0115655409162825, 2.562560327846665, 0.0, 0.5556370538812208, 1.2922046326839867, 6.00841581368113, 2.2189059209554234, 8.235791798417377, 1.557497391957452, 3.0670860525507835, 1.9720482990416042, 5.574559967348158, 6.073034913002595, 3.1105606449092087, 2.335214767343831, 7.918057389856691, 8.887672401662119, 4.7748920137085165, 3.5076544164844408, 5.181639008407224, 0.9668822677783678, 2.737453125210797, 1.5557176014633036, 1.2469782667324005, 2.832959229734967, 2.9657407791069805, 1.866828171124289, 4.05288410466608, 2.6662484537929054, 7.442133605097278, 5.203762190681272, 5.536761248978288, 11.959123336967636, 2.3270696487423033, 2.5697004907663894, 2.2905790273176527, 3.9941065712431416, 3.464754624510437, 6.154675887261248, 3.8904234379450915, 2.266587533560574, 2.7439934888223423, 2.5461887606790707, 4.5952849034243926, 2.2114492348697445, 3.247743015361494, 1.637857414647828, 11.864258354559267, 3.581343135862508, 2.7605758953666633, 5.022297547777595, 5.334704601039145, 1.3822089663941834, 5.875296256370374, 6.356882913541624, 4.9920985772801165, 6.00154215353758, 11.627068084627975, 2.251391423629097, 6.181313787073449, 3.2841383769099135, 0.5658675755582377, 6.5712628180761845, 4.290166088108757, 2.766147994136036, 3.6886592649609744, 4.273062288207904, 5.514873171164233, 4.326735841081846, 2.366970388709147, 6.87099758159791, 6.087503209691263, 2.322571761395643, 2.4459144301998914, 3.5858448488339296, 3.4463378395405435, 2.035457363900252, 1.9595862266125035, 5.42120170274985, 3.4063797917614758, 11.453172151278824, 2.485853751619653, 3.9635510097067064, 4.423568973911208, 4.754108467152338, 3.352794977992747, 5.221798985386398, 3.666218810318538, 1.4691215276988594, 2.3304141724335663, 2.3076509686602136, 2.860733855107765, 4.777791289621201, 3.7074902924980915, 2.6777986572706767, 2.072281251632109, 2.884175397467517, 3.042171894623241, 2.5186338507507613, 3.39197177571338, 1.6447549432341069, 4.751139041366217, 2.1634001010625297, 1.998132423850742, 3.6703782238397884, 2.9008653967873816, 1.155005368528181, 3.3788915279649587, 8.461383276641413, 0.8575970361490256, 5.896821672448143, 6.88739435029667, 3.411598803781903, 12.020802381537056, 2.604415748843929, 2.5136769903557026, 4.272960962447317, 11.963711935104552, 1.5986102068135073, 3.5031007300304986, 9.542557788328008, 1.382833333982504, 2.7084171940248876, 6.600529136711372, 4.527487617707806, 9.999221137382454, 10.811369250218199, 11.277912161417676, 11.592971336674452, 7.197798742339826], [6.480514903984056, 2.3580078214346645, 5.620395748875583, 0.20509223783103508, 3.769887758753313, 2.0217069899193425, 0.5556370538812208, 0.0, 1.0396384907499099, 5.957883366638512, 2.451172424698227, 7.907474956024937, 1.0184862397011836, 2.9318669807955593, 1.7014655878324665, 5.428827545388511, 6.059873379026115, 3.6626475804138434, 1.821764467924939, 7.589699590316906, 8.560473347104681, 4.353481242909933, 3.074314660191235, 4.792611978048744, 0.5573741331849127, 2.303841130986376, 1.0316773949689375, 0.7030164005966814, 2.4299334949792284, 2.792330209781292, 1.670708673986491, 3.8303919073599886, 2.4948841724920943, 7.111919713919527, 5.039091664041851, 5.337221636951882, 11.60003965660985, 2.1520740304771357, 2.056004910878064, 2.808936468100085, 3.568140433373333, 3.0445563229259247, 5.960303642664035, 3.454837502277956, 1.7875654980073625, 2.188440439922599, 2.9626347833080815, 4.486596795403069, 2.4689282597843976, 2.8535224702749877, 1.1469389263223464, 11.456137459887664, 3.396475789632951, 2.329464074420589, 4.716234041034007, 5.255963105838278, 0.8322542415521499, 5.8480514721596135, 6.3612985211514115, 4.9191305520967035, 5.86653933987933, 11.249863392793031, 2.3423031069180764, 6.075808025147689, 3.8265490209720583, 0.3195112014654773, 6.2414860436702275, 3.875306644735808, 2.388243667185089, 3.303432334309817, 3.849526099001699, 5.478408257422827, 4.202233470290313, 2.81627234872624, 6.541084402010477, 6.010629238700109, 2.618112861583759, 2.802135501863556, 3.42061236695932, 3.3285315331777237, 1.547773126457702, 1.548850987759731, 5.098671696900307, 3.210421894544939, 11.084481688853925, 2.3800289657523908, 3.8246501035399145, 4.203117829631323, 4.28073615645775, 2.850597461444339, 5.00767285675626, 3.2315745909337523, 1.250101235840014, 2.30629224766577, 2.1822334273051935, 2.3075250845401736, 4.4898929947064925, 3.5516467090392916, 2.5838255856524954, 2.5480050111796935, 2.377061424576714, 3.5434414481118996, 2.1627628288960077, 3.9106415895993973, 1.352035699700467, 4.528776143155405, 1.7985114167875593, 1.8208825469704848, 3.4295852528689226, 2.537201666302685, 0.8324042622342879, 3.2041984985834544, 8.133854600846746, 0.6736279622597349, 5.568989232544799, 6.888232343301079, 3.078735834045168, 11.633037085935001, 2.1313793605835256, 1.967087678782154, 4.014893513787305, 11.56372617292011, 1.043015849584285, 3.211420446621574, 9.217110525128582, 0.9344099487347839, 3.18640492904393, 6.617399665614665, 4.0925822764934905, 9.670212163727133, 10.473363997002927, 10.929806761385361, 11.237297899050104, 6.8677293334907], [5.452357576518089, 1.6875638853853052, 4.583970149715562, 0.890347978558306, 2.7441855364017376, 1.7695776414217508, 1.2922046326839867, 1.0396384907499099, 0.0, 4.943352035719046, 1.863570383144824, 6.943774725145283, 1.4980392800006577, 1.8987588896649379, 0.6826467355035668, 4.389717635948914, 5.064544741971186, 3.945188397206345, 2.271406841458759, 6.626013740845433, 7.595774006181117, 4.941410031791316, 3.6767215395660915, 5.440667547735395, 0.5298791354503841, 2.9490094730266883, 0.9070574657437969, 1.2721055625116031, 1.5903813283941381, 3.749222467217304, 2.6446634094527686, 2.798077781412989, 3.4593359837153272, 6.149985891563442, 3.9994618653104155, 4.3011330745401875, 10.668400784400562, 3.12270572369463, 1.61382518080236, 2.9102368198741084, 2.7580006246227864, 2.229152553768989, 4.923666434049826, 4.03622670738575, 2.363777223071277, 2.202871001895926, 2.716570685497141, 3.4549068179398112, 1.9260969402967099, 1.9883260400042113, 1.7902895075721426, 10.591893042507083, 2.3570802329552545, 1.5595244021000745, 3.7318552843261608, 4.231821797597627, 1.0259197821469168, 4.845521864220205, 5.375658017261556, 3.898247163291453, 4.828194011861923, 10.340566473045659, 1.5361221831136835, 5.04226469335572, 4.007866826479966, 1.3591288079766994, 5.279081698983479, 3.0390359458916696, 1.5005916308096487, 2.417688923991231, 4.446229440272788, 4.47238784449008, 3.16734655906708, 2.674187063009651, 5.5788279525674165, 4.985431554686518, 2.131923194589965, 2.4252571359997703, 4.372861294678239, 4.311976746532531, 1.054805005182738, 0.7828627970587929, 4.129154119456359, 2.171756436904387, 10.164387980534881, 1.365813483707857, 2.7877605246053743, 3.17080025862591, 3.5836040298373217, 2.2948989482527273, 3.974576720895729, 2.4461161832267906, 2.2317689164869656, 1.360401791423162, 1.161830842035927, 2.1826909402634485, 3.4912596530294966, 2.512910120822989, 1.5721200709257162, 2.5140569496482015, 1.8718956510859022, 3.524157597222442, 1.2417602678790387, 3.9495493678568865, 0.35539413951653975, 3.4974581288735465, 0.9031999866229695, 0.7858872415480063, 2.4027756410246943, 1.6234886542653308, 0.23650480659794254, 4.152883745617735, 7.169428692462746, 1.704359816631495, 4.6046432335099725, 5.898407683322307, 2.120593809716544, 10.737962366239731, 1.5028614920412589, 2.187444632781307, 2.997258615518486, 10.686610584930579, 1.2942507154022371, 2.213836306615577, 8.250847543651387, 1.721142844719505, 3.1040102443241318, 5.639015828251148, 3.2968253368010627, 8.707284793105801, 9.519165073442126, 9.986032703711206, 10.30181182790043, 5.905642078327486], [2.146396896236863, 4.026390641698418, 1.6009237236161216, 5.830237850509782, 2.7124481090892436, 5.686578745917991, 6.00841581368113, 5.957883366638512, 4.943352035719046, 0.0, 4.135326919993623, 4.261690031421829, 6.296909626266201, 3.060778090013372, 4.380166724208266, 1.1090169886625327, 0.4143502386962991, 6.8056678775327395, 6.878370247327478, 4.049137204899129, 4.722061354987353, 9.386083677353486, 8.255987860843248, 9.953650606894023, 5.472288711006899, 7.6519456994153545, 5.5730690981200395, 6.156199402457928, 4.36914100773546, 8.681631636271412, 7.586735667463288, 2.5666566417176453, 8.396207981254959, 3.78200400475437, 1.4450549459549888, 1.662968113469905, 7.692436140993, 8.062720865733212, 5.321184270749803, 5.825480884135358, 4.243765196250914, 4.283243394801091, 1.6001344176279066, 8.55049659651398, 7.07252453550951, 6.29503605767708, 4.891389542969199, 1.5458401710640761, 4.219757982088636, 4.141171104759523, 6.6266069558809635, 8.25603145116888, 2.7424655580030626, 4.584822673788167, 2.856670701058026, 0.746330498823682, 5.825225904837774, 0.27694248765789364, 0.7171813808558998, 1.0523751045917789, 0.9201040831481886, 7.623585783726118, 3.8152400204352364, 0.6223665910266593, 6.556235432388299, 6.27051570771285, 3.355077020402249, 4.09672972446796, 4.249145561377481, 3.920492656066281, 8.946156959020653, 0.508384087413297, 1.851006304782657, 5.162031458414087, 3.483025395559036, 0.29458173613762173, 4.295918382548441, 4.533749541702477, 9.299463509709513, 9.252835475967185, 5.206334778204195, 4.844245187106364, 3.016720325066388, 2.933868896092454, 7.362133585458347, 3.580054328013657, 2.2327402564146617, 2.316386028404555, 4.87999110757276, 5.151828393500482, 1.8899143120515856, 4.376911617585362, 7.175097402929358, 3.6792776334841295, 3.781918561851127, 6.061562128547791, 2.7259692802430493, 2.5231671801934654, 3.3749710429117235, 5.393026645963657, 5.223932365358215, 5.738693961555626, 4.275062609627033, 6.099927615459076, 4.706800525955709, 2.153690512789555, 4.5363248765680995, 4.161949671147926, 2.9359217915888176, 4.09761483582264, 5.175229583693887, 9.078681887687003, 4.410747932479495, 6.631488985462216, 3.1339278904181236, 1.0830075335911473, 3.6427994204364054, 8.109859865751913, 4.942487579932236, 6.564761339516355, 2.6742224336755216, 8.226899725422605, 6.018250744046036, 3.3347386642362964, 5.21670054282571, 6.627664138209082, 5.416514294491791, 0.9873344116510048, 4.327959319928455, 5.634920397265078, 6.432159932551639, 6.957640598379303, 7.325541220254194, 3.6458644214981772], [5.358763658164809, 0.24828421055276123, 4.41296235098448, 2.4385065224257367, 3.007930131540642, 3.577433141148236, 2.2189059209554234, 2.451172424698227, 1.863570383144824, 4.135326919993623, 0.0, 7.237856761175331, 3.281539695161221, 1.880332273099662, 1.9415833787555106, 4.0083974987006314, 4.107790187818957, 2.946726005720391, 4.094315346686664, 6.933598857477512, 7.860693335537759, 6.74186858325567, 5.463095151074078, 7.212023902690669, 2.2383684215516197, 4.706499199994481, 2.7688494899716214, 3.0003797351745565, 2.9008432817584326, 5.179763321147528, 4.068542675291164, 2.9606007517460164, 4.8797672894369715, 6.488582661465471, 3.7331809807136587, 4.16500390634699, 11.004918830921918, 4.538327983893302, 3.3488308016510397, 1.8416125236308376, 3.887589821063423, 3.4374444867754383, 4.719318740984213, 5.8347924152425765, 4.144320049748262, 4.057608162331929, 1.1268184950568254, 2.990870447830616, 0.1181256455124043, 3.1406833252144737, 3.521948948430598, 11.167443320516515, 2.437921494309746, 2.994519531336727, 4.146060213612744, 3.5732834833508584, 2.8475380683578533, 3.9494368610912236, 4.34633805865164, 3.237282907347655, 4.372980597270731, 10.769237295159078, 0.61710357932454, 4.452577595561222, 2.8305136200086234, 2.6846173384164054, 5.66608751618656, 4.069411276115434, 2.7384084868534835, 3.4239890504320276, 6.240299777234879, 3.6269585223208636, 2.8101795485604995, 1.265623445782994, 5.947487594908191, 4.2812292638733735, 0.3389957378120063, 0.713752556854558, 5.802545614961251, 5.664753943063983, 2.842167326404557, 2.4594212041789687, 4.57693313301592, 2.355798649119601, 10.55591250080855, 1.463941638219782, 2.5570958710638867, 3.2597588802995996, 4.831409495901971, 3.8599869627334944, 3.934438720473242, 3.6741414566636457, 3.6565948075114294, 1.0939503849517265, 1.4841956437920667, 4.0097045612680065, 3.850600430484567, 2.417945162676999, 1.497444272334068, 1.3609787130419553, 3.5326324441643546, 2.1107230209179386, 2.496007582259367, 2.560600049793457, 1.9614568136583257, 3.54943431102939, 2.361739001326862, 1.6163554959685802, 2.7379593940122056, 2.7563719756401115, 2.0442919539257756, 5.593632675429507, 7.45108791953431, 3.039196282391588, 5.0331866361930215, 4.872681348684898, 2.959782016623785, 11.210099612686438, 3.116603419517853, 4.048577980878236, 3.2914572170202736, 11.219749104000854, 3.127130947850112, 2.837089687804762, 8.487297267800471, 3.3656249831562013, 1.67451258122105, 4.560315117959701, 4.386901458801259, 8.947518900740924, 9.781097278028696, 10.28460801576895, 10.629292591476183, 6.256342222737297], [2.1374151147202958, 7.027229456589944, 2.982338807072851, 7.71347053884708, 4.3069525594233635, 6.502501459921697, 8.235791798417377, 7.907474956024937, 6.943774725145283, 4.261690031421829, 7.237856761175331, 0.0, 7.668874891565033, 5.418287565298083, 6.26443348996871, 3.5381716371465886, 4.647495569671459, 10.183745476156675, 7.83174923222793, 0.3178833568203172, 0.6530074700720018, 9.567016820994548, 8.83934982587152, 10.144049184571982, 7.351557220986489, 8.546994126842387, 7.0470396208871895, 7.70870459646652, 5.50782598737276, 10.009240900359384, 9.136735475173305, 4.315396521931187, 9.791036086960533, 0.7956089679912223, 3.6345163773990685, 3.163743104387901, 3.7720253900876317, 9.527439238691782, 6.217053097036171, 9.077541515430557, 4.494519888510924, 4.956476310056833, 2.7800583766929257, 8.982700393376467, 8.109486343189324, 6.943825354971041, 8.29053544363132, 4.395417650647724, 7.352542832636102, 5.085033197937647, 7.975347417883937, 4.04594096756906, 4.841881968075281, 5.651404162258198, 3.2190420659822294, 4.215859957414989, 7.340417374606695, 4.53030318497121, 4.822427443231101, 4.419569693022968, 3.412863615906556, 3.5412950034835045, 6.679060108228462, 3.6397953957129947, 10.041816134987215, 8.208762412580896, 1.6662318264395641, 4.170049525073529, 5.5257187468094875, 4.63401767711792, 9.282743742994644, 4.527434396963745, 4.485380610695879, 8.488197241327107, 1.3664769031028592, 3.9671704239925885, 7.525051558598345, 7.869144474715661, 10.524449465614081, 10.611052348347222, 6.500282427132613, 6.371087650838962, 2.81462304157336, 4.969548497503285, 3.319611848796143, 5.970071521393259, 4.685703595214555, 3.9861483811066916, 4.247999025461922, 5.546231131403455, 3.3247006048523584, 4.832874012055342, 8.814359703060266, 6.285600423064299, 6.0816778566462695, 6.641792531229816, 3.4815411522726474, 4.824938119340124, 5.843153817147198, 8.594221100172762, 5.932220137908774, 9.265048377667993, 5.744736063688933, 9.69221373456905, 6.593250724703928, 3.688601304413377, 6.108964728139171, 6.289877178552795, 4.631574108189523, 5.371879596424219, 7.100925669524268, 10.320821747047848, 0.22652719910872546, 8.483081779156189, 2.340011764804646, 4.7944094060013205, 4.8313545154324995, 3.9979270561569455, 5.949825805221425, 7.368570644847682, 4.024234484905519, 4.052325266499252, 7.379427354185354, 4.737083151928779, 1.3098161465143883, 8.132795801749431, 8.85893281899236, 4.970912880749961, 4.077455814823818, 1.7636946594030374, 2.579387889620723, 3.062672345122355, 3.3977166061108015, 1.0397465712404412], [6.482366308525277, 3.1395077690608053, 5.700406651787091, 0.9136243902035486, 3.825542242924515, 1.283420397316547, 1.557497391957452, 1.0184862397011836, 1.4980392800006577, 6.296909626266201, 3.281539695161221, 7.668874891565033, 0.0, 3.244018450578585, 1.9241788333626257, 5.611010802790284, 6.459097540837616, 4.6651735423627585, 0.8263238036754221, 7.354853016709919, 8.317426702152304, 3.4626320003246183, 2.1880282390452472, 3.948383570930766, 1.0436828562507803, 1.4510686385071967, 0.7259568469640065, 0.31648782916876445, 2.2074340690928262, 2.4424528191040977, 1.4687130000416073, 3.922022659234731, 2.1827955194160165, 6.8792510503377855, 5.196435432848835, 5.418831353448959, 11.262018342972649, 1.8841016060864555, 1.4776926424285994, 3.827161131362286, 3.186619981702525, 2.7127959558447814, 6.037100071750634, 2.555326519896428, 0.8690291051721779, 1.2444447829275929, 3.933703785431359, 4.763944320587473, 3.3222958448985977, 2.611748905992497, 0.33426498671789956, 11.000365486600176, 3.5861446061202984, 2.0349468589206716, 4.591925150848258, 5.562458303987817, 0.4832886460992687, 6.228148585660682, 6.783896583440468, 5.244607256019583, 6.058318759171683, 10.870807469207145, 3.0277893718605613, 6.316815116546636, 4.840834747462912, 1.0531802346275678, 6.024152859294191, 3.510884416410838, 2.2409380374629415, 3.051796546818961, 2.962858114161743, 5.851025425723228, 4.462266884421, 3.808777043716388, 6.318062794706424, 6.303441114398053, 3.500648444841943, 3.7311136315873106, 3.0359669166863585, 3.040681684084117, 1.1979055317093903, 1.4726183214638715, 4.924680136253403, 3.391254737032495, 10.72657852156367, 2.7911223218963332, 4.075565012935573, 4.281447508557431, 3.7235630772219306, 2.250038178398398, 5.0696918638322614, 2.8434921601504053, 1.162534723312164, 2.8469119481047307, 2.584568446366448, 1.4313216643838604, 4.414369545117403, 3.7860956241803936, 2.993889513920481, 3.55482113816716, 1.7930299272751593, 4.557448010768232, 2.1051206223164196, 4.928605853598274, 1.6234319730040212, 4.590292577396514, 1.785268509611214, 2.1914732357851485, 3.5067822821644214, 2.4094071430474644, 1.274102401610042, 2.81631256249288, 7.894499140849952, 1.0617153564932402, 5.370405433760553, 7.2971337934451945, 2.976409260255162, 11.226632588715585, 1.7192920434170742, 0.9590854872439852, 4.024004116618744, 11.127712243533875, 0.2979922675354689, 3.194485355498407, 8.972011853305267, 0.47708551194285936, 4.191806195728937, 7.056051186538709, 3.6613616401648224, 9.41338554493447, 10.190420541511983, 10.620887696171877, 10.90911867669744, 6.639036684391323], [3.6828696106632495, 1.6473223939937065, 2.7668069031281575, 2.7890927553545546, 1.1328393868889106, 2.810042268899516, 3.0670860525507835, 2.9318669807955593, 1.8987588896649379, 3.060778090013372, 1.880332273099662, 5.418287565298083, 3.244018450578585, 0.0, 1.3212836683740685, 2.508974117091245, 3.2154882731614394, 4.806027927507147, 3.8717376465678632, 5.107936595648465, 6.054190312833332, 6.470868000271315, 5.279101928149074, 7.018304151833692, 2.4229766564168163, 4.631624242817478, 2.524826760085446, 3.095529616052901, 1.6091802841225753, 5.621790663790973, 4.532410389320536, 1.1037590078428712, 5.337707592932482, 4.651177407833025, 2.137821050095995, 2.4914647133571823, 9.190140360234002, 5.006036700619448, 2.463827708265561, 3.687824183732788, 2.2202810577612713, 1.8969470495812688, 3.100562224238145, 5.599253199376987, 4.0443711809200105, 3.413715747845787, 2.9967579798971835, 1.5561534993551107, 1.9984257380512696, 1.6214364918121489, 3.571076803771769, 9.301414370275056, 0.5764084004223089, 1.800384900081984, 2.271118624811037, 2.337966700364427, 2.768198894136044, 2.984241985231795, 3.543056801804796, 2.009735365456399, 2.9405742860772865, 8.929716922585573, 1.2814020428358786, 3.1441458505698927, 4.70893529483826, 3.2498441078216826, 3.8106752760819265, 2.3259150107042954, 1.443458700525308, 1.7371662470441664, 6.005082913355669, 2.607260931455838, 1.2706147784144444, 3.1449636871975333, 4.098419862401992, 3.0896272895225705, 2.2015816946256894, 2.5726589210940585, 6.238803892487987, 6.19607627188017, 2.2151257478475634, 1.820760697634963, 2.702381052589925, 0.4756085325462904, 8.724827844072143, 0.5879207874445904, 0.897718504069814, 1.4403781229019854, 3.164341148490991, 2.603732814916619, 2.199533333641831, 2.1078683532883775, 4.124525682190267, 0.8676460206134473, 0.7601165838504038, 3.233444977262851, 1.9785448719841359, 0.6447887049943823, 0.42731173839816966, 3.2035637891713957, 2.476386333150529, 3.9860237829495326, 1.3520300935574077, 4.433633325591889, 1.646347325567057, 1.756837948193964, 1.5282812894057103, 1.1128858902630654, 0.8598392456465409, 1.351787007236024, 2.125507042658571, 6.018006360695782, 5.63670760219203, 3.60163791303547, 3.1649137408935237, 4.05358508981835, 1.2525595581295201, 9.362107756832234, 2.1023051409690927, 3.6108766326124386, 1.4185401891142668, 9.360338622309499, 2.9721087654090947, 1.0336045774982558, 6.693867079988597, 3.566894529093457, 3.5531941241146896, 3.818421852712394, 2.652708948912493, 7.155202445247632, 7.985229374233566, 8.478895687531912, 8.815999907833117, 4.414051220047679], [4.779175892831386, 1.7130988525201503, 3.9226014673220124, 1.531497966521172, 2.0687155758112925, 1.7087346180916412, 1.9720482990416042, 1.7014655878324665, 0.6826467355035668, 4.380166724208266, 1.9415833787555106, 6.26443348996871, 1.9241788333626257, 1.3212836683740685, 0.0, 3.756783849483558, 4.535168911939028, 4.426556146540347, 2.585472823733872, 5.946782799264004, 6.916061948679442, 5.228615810135087, 4.004163768136822, 5.75989079789315, 1.155095905237694, 3.3298319674382775, 1.2104193324179002, 1.7773861083265732, 1.0368851247956405, 4.3082622479329205, 3.2314888155312524, 2.1298408406698948, 4.027505031905776, 5.471307203286949, 3.3567380570116234, 3.639090569351401, 9.99538879060511, 3.699810489401114, 1.4325114839149105, 3.3416262172358024, 2.171415326651808, 1.6559764221286668, 4.262678138876465, 4.339767097460547, 2.7394740480814126, 2.2629532241340415, 2.967670471421135, 2.8590894887546456, 2.034703975418229, 1.3859594000401483, 2.2500522219228207, 9.941322689191395, 1.714711651660144, 1.0802379497847043, 3.050313749270387, 3.6517210097225514, 1.4469912828455063, 4.305261776223478, 4.859788683505817, 3.3281102891274488, 4.199932528252281, 9.674227324766358, 1.4330920287215057, 4.43326795756263, 4.440974967761259, 2.019266494147032, 4.600777088957861, 2.4294