{"glyph_ids": ["data/imdb/imdb10/tt0274812_thumb.jpg", "data/imdb/imdb10/tt0388500_thumb.jpg", "data/imdb/imdb10/tt1980986_thumb.jpg", "data/imdb/imdb10/tt0118655_thumb.jpg", "data/imdb/imdb10/tt0093565_thumb.jpg", "data/imdb/imdb10/tt0243255_thumb.jpg", "data/imdb/imdb10/tt4276752_thumb.jpg", "data/imdb/imdb10/tt0398375_thumb.jpg", "data/imdb/imdb10/tt0137338_thumb.jpg", "data/imdb/imdb10/tt0188863_thumb.jpg"], "E": ["Secretary (2002)", "Beauty Shop (2005)", "Housefull 2 (2012)", "Austin Powers: International Man of Mystery (1997)", "Moonstruck (1987)", "Fat Girl (2001)", "Mojin: The Lost Legend (2015)", "Rumor Has It... (2005)", "200 Cigarettes (1999)", "Love Stinks (1999)"], "EA": [[0.0, 1.3574135036019805, 1.9015828720612276, 1.0467943066374712, 1.5665736467805618, 0.6888598774992363, 1.7286931371813408, 1.3880333117005788, 1.1062556255795084, 1.2988590173072236], [1.3574135036019805, 0.0, 0.7756157762306317, 2.0767685279141497, 2.3577132491907307, 0.868883249966775, 1.0716042405790425, 0.2652747244660875, 0.6809779225830144, 0.6293385043761562], [1.9015828720612276, 0.7756157762306317, 0.0, 2.6291463245428304, 3.1081697977375895, 1.5449884718684552, 0.6544597391597534, 0.7907252985736977, 1.4557514363137072, 1.3928251512504677], [1.0467943066374712, 2.0767685279141497, 2.6291463245428304, 0.0, 1.5025188860511438, 1.5607179340509068, 2.57133250503738, 1.991637984558331, 1.739509100106803, 1.9074196958370466], [1.5665736467805618, 2.3577132491907307, 3.1081697977375895, 1.5025188860511438, 0.0, 1.6170674100941829, 3.121444777269525, 2.4021660732453944, 1.7084870731019572, 1.8526632289083647], [0.6888598774992363, 0.868883249966775, 1.5449884718684552, 1.5607179340509068, 1.6170674100941829, 0.0, 1.5189316804233628, 0.9939830077876591, 0.5206554108698777, 0.7010079951434296], [1.7286931371813408, 1.0716042405790425, 0.6544597391597534, 2.57133250503738, 3.121444777269525, 1.5189316804233628, 0.0, 1.1462826444958667, 1.648363091468054, 1.6579618697550107], [1.3880333117005788, 0.2652747244660875, 0.7907252985736977, 1.991637984558331, 2.4021660732453944, 0.9939830077876591, 1.1462826444958667, 0.0, 0.7713176592134806, 0.7221404441866566], [1.1062556255795084, 0.6809779225830144, 1.4557514363137072, 1.739509100106803, 1.7084870731019572, 0.5206554108698777, 1.648363091468054, 0.7713176592134806, 0.0, 0.20094102202501768], [1.2988590173072236, 0.6293385043761562, 1.3928251512504677, 1.9074196958370466, 1.8526632289083647, 0.7010079951434296, 1.6579618697550107, 0.7221404441866566, 0.20094102202501768, 0.0]], "SR": [["Comedy", "Drama", "Romance"], ["Comedy"], ["Action", "Comedy", "Drama"], ["Adventure", "Comedy"], ["Comedy", "Drama", "Romance"], ["Drama"], ["Adventure", "Action", "Drama"], ["Comedy", "Drama", "Romance"], ["Comedy", "Drama", "Romance"], ["Comedy"]], "S": ["Adventure", "Comedy", "Drama", "Action", "Romance"], "SA": [[0.0, 0.6666666666666666, 0.5, 0.75, 0.0, 0.6666666666666666, 0.8, 0.0, 0.0, 0.6666666666666666], [0.6666666666666666, 0.0, 0.6666666666666666, 0.5, 0.6666666666666666, 1.0, 1.0, 0.6666666666666666, 0.6666666666666666, 0.0], [0.5, 0.6666666666666666, 0.0, 0.75, 0.5, 0.6666666666666666, 0.5, 0.5, 0.5, 0.6666666666666666], [0.75, 0.5, 0.75, 0.0, 0.75, 1.0, 0.75, 0.75, 0.75, 0.5], [0.0, 0.6666666666666666, 0.5, 0.75, 0.0, 0.6666666666666666, 0.8, 0.0, 0.0, 0.6666666666666666], [0.6666666666666666, 1.0, 0.6666666666666666, 1.0, 0.6666666666666666, 0.0, 0.6666666666666666, 0.6666666666666666, 0.6666666666666666, 1.0], [0.8, 1.0, 0.5, 0.75, 0.8, 0.6666666666666666, 0.0, 0.8, 0.8, 1.0], [0.0, 0.6666666666666666, 0.5, 0.75, 0.0, 0.6666666666666666, 0.8, 0.0, 0.0, 0.6666666666666666], [0.0, 0.6666666666666666, 0.5, 0.75, 0.0, 0.6666666666666666, 0.8, 0.0, 0.0, 0.6666666666666666], [0.6666666666666666, 0.0, 0.6666666666666666, 0.5, 0.6666666666666666, 1.0, 1.0, 0.6666666666666666, 0.6666666666666666, 0.0]]}