{
  "glyph_ids": [
    "data/imdb/imdb10/tt0087062_thumb.png",
    "data/imdb/imdb10/tt0108174_thumb.png",
    "data/imdb/imdb10/tt0160916_thumb.png",
    "data/imdb/imdb10/tt1787791_thumb.png",
    "data/imdb/imdb10/tt0114798_thumb.png",
    "data/imdb/imdb10/tt0173716_thumb.png",
    "data/imdb/imdb10/tt0951216_thumb.png",
    "data/imdb/imdb10/tt1104783_thumb.png",
    "data/imdb/imdb10/tt0091706_thumb.png",
    "data/imdb/imdb10/tt0110099_thumb.png"
  ],
  "E": [
    "City Heat (1984)",
    "So I Married an Axe Murderer (1993)",
    "The Story of Us (1999)",
    "Resurrect Dead: The Mystery of the Toynbee Tiles (2011)",
    "Unstrung Heroes (1995)",
    "Cecil B. Demented (2000)",
    "Mad Money (2008)",
    "Frontrunners (2008)",
    "Out of Bounds (1986)",
    "I.Q. (1994)"
  ],
  "EA": [
    [
      0.0,
      1.899762221435728,
      1.5206327542154368,
      2.8326150119309585,
      1.5235452675657317,
      1.5354042461346133,
      2.1407293881419696,
      2.295685613124503,
      0.4589128390851268,
      1.3268286130268891
    ],
    [
      1.899762221435728,
      0.0,
      1.0353519688002093,
      2.557074435897489,
      1.8924151270352856,
      1.371364012814779,
      1.6407366386877698,
      2.374626966933741,
      2.233139983984374,
      0.7685780172423216
    ],
    [
      1.5206327542154368,
      1.0353519688002093,
      0.0,
      1.8845025603197512,
      1.2891642554088998,
      0.45705678145804457,
      0.7728623505227631,
      1.491727280179751,
      1.6630862057275946,
      0.4700016088676061
    ],
    [
      2.8326150119309585,
      2.557074435897489,
      1.8845025603197512,
      0.0,
      1.4331778431479072,
      1.5028027024277373,
      1.6107890968703726,
      0.7271809770830681,
      2.7297323841773236,
      2.0855064335254725
    ],
    [
      1.5235452675657317,
      1.8924151270352856,
      1.2891642554088998,
      1.4331778431479072,
      0.0,
      0.905093537141033,
      1.63393857007198,
      1.1222729490342238,
      1.4659306951429967,
      1.2252167557320917
    ],
    [
      1.5354042461346133,
      1.371364012814779,
      0.45705678145804457,
      1.5028027024277373,
      0.905093537141033,
      0.0,
      0.7909700461008404,
      1.0744002877652856,
      1.5755212651606108,
      0.6998021121181116
    ],
    [
      2.1407293881419696,
      1.6407366386877698,
      0.7728623505227631,
      1.6107890968703726,
      1.63393857007198,
      0.7909700461008404,
      0.0,
      1.2249278516247697,
      2.1609701380735595,
      1.2297700587625913
    ],
    [
      2.295685613124503,
      2.374626966933741,
      1.491727280179751,
      0.7271809770830681,
      1.1222729490342238,
      1.0744002877652856,
      1.2249278516247697,
      0.0,
      2.137902686252352,
      1.756530356570298
    ],
    [
      0.4589128390851268,
      2.233139983984374,
      1.6630862057275946,
      2.7297323841773236,
      1.4659306951429967,
      1.5755212651606108,
      2.1609701380735595,
      2.137902686252352,
      0.0,
      1.5677967437438576
    ],
    [
      1.3268286130268891,
      0.7685780172423216,
      0.4700016088676061,
      2.0855064335254725,
      1.2252167557320917,
      0.6998021121181116,
      1.2297700587625913,
      1.756530356570298,
      1.5677967437438576,
      0.0
    ]
  ],
  "SR": [
    [
      "Action",
      "Comedy",
      "Crime"
    ],
    [
      "Romance",
      "Comedy"
    ],
    [
      "Drama",
      "Romance",
      "Comedy"
    ],
    [
      "Documentary"
    ],
    [
      "Drama",
      "Comedy"
    ],
    [
      "Thriller",
      "Comedy",
      "Crime"
    ],
    [
      "Thriller",
      "Comedy",
      "Crime"
    ],
    [
      "Documentary"
    ],
    [
      "Action",
      "Drama",
      "Crime"
    ],
    [
      "Romance",
      "Comedy"
    ]
  ],
  "S": [
    "Thriller",
    "Documentary",
    "Drama",
    "Romance",
    "Action",
    "Comedy",
    "Crime"
  ],
  "SC": [
    "#33a02c",
    "#ff7f00",
    "#e31a1c",
    "#1f78b4",
    "#6a3d9a",
    "#b15928"
  ],
  "SA": [
    [
      0.0,
      0.75,
      0.8,
      1.0,
      0.75,
      0.5,
      0.5,
      1.0,
      0.5,
      0.75
    ],
    [
      0.75,
      0.0,
      0.3333333333333333,
      1.0,
      0.6666666666666666,
      0.75,
      0.75,
      1.0,
      1.0,
      0.0
    ],
    [
      0.8,
      0.3333333333333333,
      0.0,
      1.0,
      0.3333333333333333,
      0.8,
      0.8,
      1.0,
      0.8,
      0.3333333333333333
    ],
    [
      1.0,
      1.0,
      1.0,
      0.0,
      1.0,
      1.0,
      1.0,
      0.0,
      1.0,
      1.0
    ],
    [
      0.75,
      0.6666666666666666,
      0.3333333333333333,
      1.0,
      0.0,
      0.75,
      0.75,
      1.0,
      0.75,
      0.6666666666666666
    ],
    [
      0.5,
      0.75,
      0.8,
      1.0,
      0.75,
      0.0,
      0.0,
      1.0,
      0.8,
      0.75
    ],
    [
      0.5,
      0.75,
      0.8,
      1.0,
      0.75,
      0.0,
      0.0,
      1.0,
      0.8,
      0.75
    ],
    [
      1.0,
      1.0,
      1.0,
      0.0,
      1.0,
      1.0,
      1.0,
      0.0,
      1.0,
      1.0
    ],
    [
      0.5,
      1.0,
      0.8,
      1.0,
      0.75,
      0.8,
      0.8,
      1.0,
      0.0,
      1.0
    ],
    [
      0.75,
      0.0,
      0.3333333333333333,
      1.0,
      0.6666666666666666,
      0.75,
      0.75,
      1.0,
      1.0,
      0.0
    ]
  ]
}
