{"glyph_ids": ["data/imdb/imdb10/tt0126604_thumb.png", "data/imdb/imdb10/tt0347473_thumb.png", "data/imdb/imdb10/tt0102303_thumb.png", "data/imdb/imdb10/tt0081060_thumb.png", "data/imdb/imdb10/tt0098343_thumb.png", "data/imdb/imdb10/tt0109484_thumb.png", "data/imdb/imdb10/tt0326856_thumb.png", "data/imdb/imdb10/tt0818490_thumb.png", "data/imdb/imdb10/tt0955306_thumb.png", "data/imdb/imdb10/tt0093966_thumb.png"], "E": ["Pecker (1998)", "Main Hoon Na (2004)", "Life Stinks (1991)", "Little Darlings (1980)", "Skin Deep (1989)", "Corrina, Corrina (1994)", "Envy (2004)", "George Bush Goes to Heaven (2006)", "Noah's Arc: Jumping the Broom (2008)", "The Sicilian (1987)"], "EA": [[0.0, 1.4235971399957656, 0.7263702335567803, 1.5850522909658233, 0.9157038646080525, 0.44560052528868394, 1.7483498363984078, 1.6675625151652704, 1.1447990850357403, 1.349440081138118], [1.4235971399957656, 0.0, 2.0182956599370847, 2.601179413020636, 2.2321393661377953, 1.5026233849416455, 2.141460354913577, 1.9842113663908734, 1.8722018232006266, 2.6465245041080045], [0.7263702335567803, 2.0182956599370847, 0.0, 1.1188137289286908, 0.3941466956019599, 0.7338109162543534, 1.8338812534254285, 2.2124648342900493, 1.7014627004257412, 0.652043390097614], [1.5850522909658233, 2.601179413020636, 1.1188137289286908, 0.0, 0.8532107994458679, 1.243562597852567, 2.891638152967224, 2.496065531679067, 2.3824904279662915, 1.2138963282237916], [0.9157038646080525, 2.2321393661377953, 0.3941466956019599, 0.8532107994458679, 0.0, 0.7765004313449194, 2.215238238946494, 2.1182895039119716, 1.7143961254275792, 0.6954921222522653], [0.44560052528868394, 1.5026233849416455, 0.7338109162543534, 1.243562597852567, 0.7765004313449194, 0.0, 2.1194376181405534, 1.6136480521380343, 1.3443570767623543, 1.3648907736548945], [1.7483498363984078, 2.141460354913577, 1.8338812534254285, 2.891638152967224, 2.215238238946494, 2.1194376181405534, 0.0, 3.2023284192661845, 2.4003659796852763, 2.019943746087855], [1.6675625151652704, 1.9842113663908734, 2.2124648342900493, 2.496065531679067, 2.1182895039119716, 1.6136480521380343, 3.2023284192661845, 0.0, 0.9790188650026096, 2.746367730454176], [1.1447990850357403, 1.8722018232006266, 1.7014627004257412, 2.3824904279662915, 1.7143961254275792, 1.3443570767623543, 2.4003659796852763, 0.9790188650026096, 0.0, 2.1794771757001836], [1.349440081138118, 2.6465245041080045, 0.652043390097614, 1.2138963282237916, 0.6954921222522653, 1.3648907736548945, 2.019943746087855, 2.746367730454176, 2.1794771757001836, 0.0]], "SR": [["Comedy", "Drama"], ["Comedy", "Action", "Drama"], ["Comedy"], ["Comedy", "Drama"], ["Comedy", "Drama", "Romance"], ["Comedy", "Drama", "Romance"], ["Comedy"], ["Drama"], ["Drama", "Romance"], ["Crime", "Action", "Drama"]], "S": ["Action", "Drama", "Romance", "Comedy", "Crime"], "SA": [[0.0, 0.3333333333333333, 0.5, 0.0, 0.3333333333333333, 0.3333333333333333, 0.5, 0.5, 0.6666666666666666, 0.75], [0.3333333333333333, 0.0, 0.6666666666666666, 0.3333333333333333, 0.5, 0.5, 0.6666666666666666, 0.6666666666666666, 0.75, 0.5], [0.5, 0.6666666666666666, 0.0, 0.5, 0.6666666666666666, 0.6666666666666666, 0.0, 1.0, 1.0, 1.0], [0.0, 0.3333333333333333, 0.5, 0.0, 0.3333333333333333, 0.3333333333333333, 0.5, 0.5, 0.6666666666666666, 0.75], [0.3333333333333333, 0.5, 0.6666666666666666, 0.3333333333333333, 0.0, 0.0, 0.6666666666666666, 0.6666666666666666, 0.3333333333333333, 0.8], [0.3333333333333333, 0.5, 0.6666666666666666, 0.3333333333333333, 0.0, 0.0, 0.6666666666666666, 0.6666666666666666, 0.3333333333333333, 0.8], [0.5, 0.6666666666666666, 0.0, 0.5, 0.6666666666666666, 0.6666666666666666, 0.0, 1.0, 1.0, 1.0], [0.5, 0.6666666666666666, 1.0, 0.5, 0.6666666666666666, 0.6666666666666666, 1.0, 0.0, 0.5, 0.6666666666666666], [0.6666666666666666, 0.75, 1.0, 0.6666666666666666, 0.3333333333333333, 0.3333333333333333, 1.0, 0.5, 0.0, 0.75], [0.75, 0.5, 1.0, 0.75, 0.8, 0.8, 1.0, 0.6666666666666666, 0.75, 0.0]]}